ABCDE
201
0.0 1.73824855991287
1.0 1.62407562908165
2.0 1.56757753793301
3.0 1.60107149844256
4.0 1.64591098916723
5.0 1.72007890544793
6.0 1.59025465522749
7.0 1.56396244833246
8.0 1.49218103893163
9.0 1.60431959435067
10.0 1.45510038913164
11.0 1.49345452448487
12.0 1.40411582249284
13.0 1.36155003820375
14.0 1.48985221132754
15.0 1.21691606475216
16.0 1.26915509282073
17.0 1.13685750854585
18.0 1.22755556296068
19.0 1.07992210707099
20.0 1.24839411213926
21.0 1.17672950081606
22.0 1.12148543022838
23.0 1.16316561217753
24.0 1.35716324632206
25.0 1.06280023991834
26.0 1.26414373007426
27.0 1.408010597089
28.0 1.22790982458993
29.0 1.16328742675824
30.0 1.3115674394279
31.0 1.31872685666165
32.0 1.54152030299431
33.0 1.51620077922913
34.0 1.68180505943541
35.0 1.65871629231319
36.0 1.74190864437243
37.0 1.54949931218115
38.0 1.74921047003534
39.0 1.82327750066205
40.0 1.98457780547475
41.0 1.94625761188965
42.0 1.86170280628089
43.0 2.06744201842075
44.0 1.98031022644435
45.0 2.17282854882836
46.0 2.16038522231665
47.0 2.12349062745527
48.0 2.23733650856199
49.0 2.21740899732336
50.0 2.12658968360603
51.0 2.21472875992231
52.0 2.32344322471631
53.0 2.35105241179824
54.0 2.08109291160695
55.0 2.0861812344964
56.0 2.20415955459901
57.0 2.09658110611517
58.0 2.14118149313414
59.0 2.04702204958429
60.0 2.19076332455461
61.0 2.11658576708325
62.0 2.0476868131846
63.0 2.07530503744293
64.0 2.01540211483793
65.0 2.0931601475656
66.0 2.06664140971525
67.0 2.11124290519016
68.0 2.15938348013808
69.0 2.00977828274902
70.0 2.26941240962535
71.0 2.27583333340284
72.0 2.25588391519261
73.0 2.28158805744817
74.0 2.3671644329032
75.0 2.40089202895599
76.0 2.25783325764752
77.0 2.49097216871641
78.0 2.51271860246578
79.0 2.53277600571134
80.0 2.56223549651007
81.0 2.62258929276514
82.0 2.7569517797738
83.0 2.75235149031044
84.0 2.9326758350878
85.0 2.8459240448983
86.0 3.00014052451051
87.0 3.07122155995644
88.0 3.07805944428576
89.0 3.2182585164758
90.0 3.09324364508309
91.0 3.16579124927421
92.0 3.26453661429652
93.0 3.25648867793784
94.0 3.3237621143345
95.0 3.12882196743118
96.0 3.25099987074774
97.0 3.04689936055117
98.0 3.22128438967375
99.0 3.20782276835939
100.0 3.19610010215577
101.0 3.09777582412332
102.0 2.89138202515554
103.0 2.77714604771564
104.0 2.81522831020141
105.0 2.72320848126263
106.0 2.67371157880879
107.0 2.48757066418806
108.0 2.40575755068559
109.0 2.15353269936637
110.0 2.14270945224777
111.0 2.18165591929332
112.0 1.99515411999712
113.0 1.93068041585898
114.0 1.73557838862734
115.0 1.62670128906196
116.0 1.54414603869619
117.0 1.56553969198301
118.0 1.6123777267622
119.0 1.38891034171204
120.0 1.44936177702166
121.0 1.27220721395784
122.0 1.32982980612529
123.0 1.18643702739306
124.0 1.17156735663386
125.0 1.17485390163259
126.0 1.06926365542995
127.0 1.20471791176121
128.0 1.10689011014113
129.0 1.05935032751352
130.0 1.14153991893009
131.0 1.07187021132227
132.0 1.09901834980882
133.0 1.07009068530768
134.0 1.12603674900282
135.0 1.12647754518813
136.0 1.03945633104935
137.0 1.27422115348361
138.0 1.07958025938328
139.0 1.14567738284367
140.0 1.09046442300279
141.0 1.17370332737133
142.0 1.20368743647163
143.0 1.19401614027552
144.0 1.22547072641179
145.0 1.15005970310743
146.0 1.25827986532421
147.0 1.19632808228376
148.0 1.06024478635725
149.0 1.20591813830223
150.0 1.05915171657035
151.0 1.07462049565436
152.0 0.942609153172381
153.0 1.04990341629824
154.0 0.779445143643039
155.0 0.86679421575683
156.0 0.847286945342033
157.0 0.738593684367152
158.0 0.758278954005495
159.0 0.909908124755761
160.0 0.923963071866617
161.0 0.754168407854261
162.0 0.717147526249031
163.0 0.637380640514945
164.0 0.575121525187734
165.0 0.681746150067521
166.0 0.800605459414124
167.0 0.685414506049607
168.0 0.652454359326576
169.0 0.735083525852104
170.0 0.735939154995617
171.0 0.996668619066814
172.0 0.932388361285595
173.0 0.891619459302203
174.0 1.05185550109106
175.0 1.00655986086056
176.0 1.0870943696315
177.0 1.0552900037767
178.0 1.03300000283401
179.0 1.32968890710742
180.0 1.25243776356994
181.0 1.51166111611449
182.0 1.46762294536665
183.0 1.62701210161829
184.0 1.52921843993849
185.0 1.67764281779342
186.0 1.82715598832898
187.0 1.79771925200772
188.0 1.82694241086817
189.0 1.69172245601059
190.0 1.87247627479632
191.0 1.96208913449525
192.0 2.10115170497498
193.0 2.07905801584249
194.0 1.9370275298878
195.0 2.01373343599099
196.0 2.08388329155315
197.0 2.08777373176091
198.0 1.95711117036203
199.0 2.04737174924474
200.0 2.09536646586414
