ABCDE
101
0 1.73824855991287
1 1.62407562908165
2 1.56757753793301
3 1.60107149844256
4 1.64591098916723
5 1.72007890544793
6 1.59025465522749
7 1.56396244833246
8 1.49218103893163
9 1.60431959435067
10 1.45510038913164
11 1.49345452448487
12 1.40411582249284
13 1.36155003820375
14 1.48985221132754
15 1.21691606475216
16 1.26915509282073
17 1.13685750854585
18 1.22755556296068
19 1.07992210707099
20 1.24839411213926
21 1.17672950081606
22 1.12148543022838
23 1.16316561217753
24 1.35716324632206
25 1.06280023991834
26 1.26414373007426
27 1.40801059708900
28 1.22790982458993
29 1.16328742675824
30 1.31156743942790
31 1.31872685666165
32 1.54152030299431
33 1.51620077922913
34 1.68180505943541
35 1.65871629231319
36 1.74190864437243
37 1.54949931218115
38 1.74921047003534
39 1.82327750066205
40 1.98457780547475
41 1.94625761188965
42 1.86170280628089
43 2.06744201842075
44 1.98031022644435
45 2.17282854882836
46 2.16038522231665
47 2.12349062745527
48 2.23733650856199
49 2.21740899732336
50 2.12658968360603
51 2.21472875992231
52 2.32344322471631
53 2.35105241179824
54 2.08109291160695
55 2.08618123449640
56 2.20415955459901
57 2.09658110611517
58 2.14118149313414
59 2.04702204958429
60 2.19076332455461
61 2.11658576708325
62 2.04768681318460
63 2.07530503744293
64 2.01540211483793
65 2.09316014756560
66 2.06664140971525
67 2.11124290519016
68 2.15938348013808
69 2.00977828274902
70 2.26941240962535
71 2.27583333340284
72 2.25588391519261
73 2.28158805744817
74 2.36716443290320
75 2.40089202895599
76 2.25783325764752
77 2.49097216871641
78 2.51271860246578
79 2.53277600571134
80 2.56223549651007
81 2.62258929276514
82 2.75695177977380
83 2.75235149031044
84 2.93267583508780
85 2.84592404489830
86 3.00014052451051
87 3.07122155995644
88 3.07805944428576
89 3.21825851647580
90 3.09324364508309
91 3.16579124927421
92 3.26453661429652
93 3.25648867793784
94 3.32376211433450
95 3.12882196743118
96 3.25099987074774
97 3.04689936055117
98 3.22128438967375
99 3.20782276835939
100 3.19610010215577
