Apples
201
0.0 7.56369977138895
1.0 7.1827680944819
2.0 7.46623954912199
3.0 7.43511949409792
4.0 7.70250000059949
5.0 7.40706957789804
6.0 7.50573136196838
7.0 7.93217862466326
8.0 7.69553877214317
9.0 7.77338863226105
10.0 7.79092861211599
11.0 7.93752516113201
12.0 7.88039455015922
13.0 7.93900295247481
14.0 7.91001305624937
15.0 8.068595789716
16.0 8.13939971702921
17.0 8.24996002504713
18.0 8.23742000679869
19.0 8.25922115375406
20.0 8.26108598716373
21.0 8.45145314372181
22.0 8.22757918681895
23.0 8.34928257750342
24.0 8.40288148867716
25.0 8.41549137949275
26.0 8.56797671465197
27.0 8.56455162419248
28.0 8.70019886519539
29.0 8.57294556825663
30.0 8.74017947318663
31.0 8.91707682667164
32.0 8.72689859469062
33.0 8.80752794390816
34.0 8.92999883023461
35.0 8.87122509875783
36.0 8.91156620972684
37.0 8.95727569384356
38.0 9.01815856061382
39.0 8.99146256554076
40.0 9.39521014120668
41.0 9.02372737957936
42.0 9.11535563549703
43.0 9.33514131367698
44.0 9.16801468614329
45.0 9.17630841668276
46.0 8.96883612851282
47.0 9.23682554556774
48.0 9.19448041400131
49.0 9.12475282518279
50.0 9.00031238138116
51.0 9.01363294030612
52.0 9.01798190290469
53.0 9.0786203561861
54.0 8.95183344628595
55.0 8.64217722796992
56.0 8.62850390471082
57.0 8.65200647035396
58.0 8.7294514088693
59.0 8.35675030816946
60.0 8.41680149731866
61.0 8.27478486310183
62.0 8.16812961287315
63.0 8.16441721192344
64.0 8.04698692141831
65.0 7.80674091943884
66.0 7.46595756246641
67.0 7.58816589473946
68.0 7.45052309036013
69.0 7.08318638319238
70.0 6.91248652723952
71.0 6.97308661199559
72.0 6.56461791624292
73.0 6.58024765932667
74.0 6.33563134815591
75.0 6.19888896818181
76.0 5.94683849056817
77.0 5.83940156703373
78.0 5.41455439723463
79.0 5.32492952342255
80.0 5.1637789213627
81.0 5.03123590561264
82.0 4.93445572993438
83.0 4.84358934505888
84.0 4.72424515485196
85.0 4.38528374873469
86.0 4.43095771536787
87.0 4.25317484483175
88.0 4.12463912249025
89.0 4.27909564206993
90.0 4.03841891405276
91.0 4.03347043476599
92.0 3.89446519705246
93.0 4.01356060344606
94.0 3.89246272861966
95.0 3.87562003954351
96.0 3.89476040535033
97.0 4.07842271379597
98.0 4.20380270187634
99.0 4.16955820838036
100.0 4.00612083205199
101.0 4.22415442151605
102.0 4.60298235001066
103.0 4.49906481753718
104.0 4.54002421215999
105.0 4.71798148164534
106.0 4.70719941197759
107.0 4.94514139693124
108.0 5.03477544780822
109.0 5.21697477984674
110.0 5.45257330206079
111.0 5.64661392837236
112.0 5.59299852352513
113.0 5.69628146565057
114.0 6.01948254337597
115.0 6.14781731292818
116.0 6.30776982252447
117.0 6.2703529275501
118.0 6.57637416758692
119.0 6.55594637127164
120.0 6.80958975514607
121.0 6.86927462679224
122.0 6.91460030092194
123.0 6.9004067740626
124.0 6.94241587920343
125.0 7.04460372503378
126.0 7.06479208800476
127.0 7.22899046660176
128.0 7.21317440214174
129.0 7.27890485768282
130.0 7.26215892532861
131.0 7.29531822476343
132.0 7.291523104356
133.0 7.28139275017328
134.0 7.30725115389219
135.0 7.14518914660099
136.0 7.17058960219776
137.0 7.1795619537384
138.0 6.97919334235636
139.0 7.37578672045095
140.0 7.13517879788309
141.0 7.20818260554463
142.0 7.14970702707116
143.0 7.11847026441497
144.0 7.09561748243909
145.0 7.25890106015655
146.0 7.27095604163279
147.0 7.26365092858345
148.0 7.39451686747959
149.0 7.38381078367645
150.0 7.32670265792244
151.0 7.43205616405958
152.0 7.45516949502428
153.0 7.74076192031819
154.0 7.64571055438124
155.0 7.50078727790981
156.0 8.0014872681274
157.0 7.74537598012928
158.0 8.17258511207458
159.0 8.07370668888816
160.0 8.17326970080679
161.0 8.29559594288379
162.0 8.33813555015588
163.0 8.50546626407896
164.0 8.49977786255081
165.0 8.47632621344569
166.0 8.72829390153308
167.0 8.78552466140223
168.0 8.82264713319393
169.0 8.98526452803149
170.0 8.95490030579785
171.0 8.99065882887936
172.0 8.97304663475771
173.0 8.87148113399823
174.0 8.89304519567608
175.0 8.94268690890095
176.0 8.82804565016889
177.0 8.89677871688683
178.0 8.84693406295679
179.0 8.77417597094301
180.0 8.75945762544272
181.0 8.44082877936683
182.0 8.21464257795616
183.0 8.29812617652732
184.0 8.2626174614283
185.0 7.95664465546389
186.0 7.85663148086463
187.0 7.73179557943733
188.0 7.54876589415374
189.0 7.45878558398334
190.0 7.255758029217
191.0 6.9458268925303
192.0 7.09910172009099
193.0 6.8294067776018
194.0 6.60983893043097
195.0 6.46372147428932
196.0 6.20352443649196
197.0 6.04558297892853
198.0 5.94149013519269
199.0 5.97799189207541
200.0 5.96313156900086
