Apples
101
0 7.56369977138895
1 7.18276809448190
2 7.46623954912199
3 7.43511949409792
4 7.70250000059949
5 7.40706957789804
6 7.50573136196838
7 7.93217862466326
8 7.69553877214317
9 7.77338863226105
10 7.79092861211599
11 7.93752516113201
12 7.88039455015922
13 7.93900295247481
14 7.91001305624937
15 8.06859578971600
16 8.13939971702921
17 8.24996002504713
18 8.23742000679869
19 8.25922115375406
20 8.26108598716373
21 8.45145314372181
22 8.22757918681895
23 8.34928257750342
24 8.40288148867716
25 8.41549137949275
26 8.56797671465197
27 8.56455162419248
28 8.70019886519539
29 8.57294556825663
30 8.74017947318663
31 8.91707682667164
32 8.72689859469062
33 8.80752794390816
34 8.92999883023461
35 8.87122509875783
36 8.91156620972684
37 8.95727569384356
38 9.01815856061382
39 8.99146256554076
40 9.39521014120668
41 9.02372737957936
42 9.11535563549703
43 9.33514131367698
44 9.16801468614329
45 9.17630841668276
46 8.96883612851282
47 9.23682554556774
48 9.19448041400131
49 9.12475282518279
50 9.00031238138116
51 9.01363294030612
52 9.01798190290469
53 9.07862035618610
54 8.95183344628595
55 8.64217722796992
56 8.62850390471082
57 8.65200647035396
58 8.72945140886930
59 8.35675030816946
60 8.41680149731866
61 8.27478486310183
62 8.16812961287315
63 8.16441721192344
64 8.04698692141831
65 7.80674091943884
66 7.46595756246641
67 7.58816589473946
68 7.45052309036013
69 7.08318638319238
70 6.91248652723952
71 6.97308661199559
72 6.56461791624292
73 6.58024765932667
74 6.33563134815591
75 6.19888896818181
76 5.94683849056817
77 5.83940156703373
78 5.41455439723463
79 5.32492952342255
80 5.16377892136270
81 5.03123590561264
82 4.93445572993438
83 4.84358934505888
84 4.72424515485196
85 4.38528374873469
86 4.43095771536787
87 4.25317484483175
88 4.12463912249025
89 4.27909564206993
90 4.03841891405276
91 4.03347043476599
92 3.89446519705246
93 4.01356060344606
94 3.89246272861966
95 3.87562003954351
96 3.89476040535033
97 4.07842271379597
98 4.20380270187634
99 4.16955820838036
100 4.00612083205199
