BetterTechnology
101
0 5.34645688988050
1 5.62465326927606
2 5.58028435441814
3 5.71137219564187
4 5.84258212712160
5 5.91641047362897
6 5.88775179399097
7 5.77975576032318
8 6.08083182988318
9 6.01992125642413
10 6.30036495745678
11 6.31790165106800
12 6.25164548329887
13 6.81784284346424
14 6.62907935394532
15 6.63450575295258
16 6.76737011354771
17 6.68928134142561
18 6.88703398627485
19 6.97794191396360
20 7.09076967984930
21 6.91341492160945
22 7.19181555032394
23 7.36020643307464
24 7.04843742599004
25 7.23242064005567
26 7.41552852676687
27 7.19999419526491
28 7.63896207706708
29 7.30852325220420
30 7.43394157537877
31 7.27464928611194
32 7.08261608952721
33 7.14695380484731
34 7.12569901665982
35 7.06144313472403
36 6.88555115190677
37 6.93979665203711
38 6.77714874251397
39 6.58637086038711
40 6.58543940204909
41 6.58512476707555
42 6.52945250709985
43 6.25938753203567
44 6.31680799781337
45 6.13202123297389
46 6.27487112624254
47 5.91315273908345
48 5.90385519589669
49 5.88483708705134
50 5.77250914742888
51 5.68043560427433
52 5.57547579482234
53 5.42167468921874
54 5.39230015346617
55 5.62455079377397
56 5.27667511762380
57 5.26252697080155
58 5.39514146559234
59 5.15048836605343
60 5.32330719181460
61 5.49529503494346
62 5.32047639532026
63 5.45478402992025
64 5.27676555643895
65 5.56046649002474
66 5.47595923203168
67 5.51079875428053
68 5.63570301099838
69 5.59079719846479
70 5.95929291986291
71 5.84836355755883
72 6.07923410894105
73 5.95227696130344
74 6.05799915574138
75 5.98820529878846
76 5.96846062678445
77 6.08270839723425
78 6.01344862064524
79 6.21621340102346
80 6.46728635102097
81 6.22225606486774
82 6.37971702767435
83 6.46575597728672
84 6.38211628671847
85 6.30552545346995
86 6.31815538033043
87 6.38408462385184
88 6.28958815439379
89 6.12558142518230
90 5.98240482074559
91 5.91711900310696
92 5.92034320275920
93 6.04439039985596
94 5.85274982744341
95 5.62145196003297
96 5.56420375836162
97 5.34229615770400
98 5.52106459633140
99 5.21427703965222
100 5.43678530321109
