BetterTomorrow
101
0 4.69360675379514
1 4.82651501177198
2 4.70042106167770
3 4.67750947814757
4 4.75781910800773
5 4.82126503408696
6 4.76906974734114
7 4.86954126829823
8 4.67837005449451
9 4.80721527528478
10 4.98463812557394
11 4.85717619663184
12 4.74493974832793
13 4.76896265919603
14 4.77242189816211
15 4.83942134079313
16 4.76313827014699
17 4.76660203512018
18 4.82255916680041
19 4.96438694014950
20 4.82496696771725
21 4.76578996146358
22 4.94634031737569
23 4.78121762217815
24 4.78066063349153
25 4.70681666061680
26 4.76914304916059
27 4.64138987857858
28 4.78262465464067
29 4.74025692443086
30 4.79443282675496
31 4.75998673509064
32 4.69437755351864
33 4.64617107369174
34 4.70517774670938
35 4.67307378749006
36 4.77619479553918
37 4.73578084438311
38 4.65650858400925
39 4.67558650572597
40 4.76403099382199
41 4.62013511843481
42 4.79583766736230
43 4.53877108550344
44 4.71566801254446
45 4.78935019208024
46 4.84334565987850
47 4.87214219077307
48 4.61532500782297
49 4.77989196501318
50 4.86086627536184
51 4.87685831590711
52 4.92888072297047
53 4.63917055532542
54 4.87027162530745
55 4.95079951205626
56 4.94497800159786
57 4.88460779126088
58 4.99337858504659
59 4.99068934883170
60 4.97472655410550
61 5.10970849416417
62 5.15641747639955
63 5.15162168358122
64 5.22039048721469
65 5.24198340106797
66 5.16455234602776
67 5.30572994723717
68 5.27998589837557
69 5.36806276629397
70 5.39476142168584
71 5.38548709529053
72 5.40337823921192
73 5.29309285541631
74 5.43012203944061
75 5.48223698600807
76 5.49606235242068
77 5.50121087999303
78 5.44442897604028
79 5.49587653190775
80 5.50542353046745
81 5.50173584913484
82 5.61871761180221
83 5.70540692679005
84 5.41749338978739
85 5.52393772362741
86 5.56607280934530
87 5.71867089398251
88 5.47561878046208
89 5.51406747870080
90 5.65284257242119
91 5.76039548757268
92 5.54612162410734
93 5.70515401503222
94 5.80465609031007
95 5.68366600375440
96 5.71471732990617
97 5.75268109745622
98 5.75134290169857
99 5.57785059104445
100 5.50674692457086
