BetterTechnology
201
0.0 5.3464568898805
1.0 5.62465326927606
2.0 5.58028435441814
3.0 5.71137219564187
4.0 5.8425821271216
5.0 5.91641047362897
6.0 5.88775179399097
7.0 5.77975576032318
8.0 6.08083182988318
9.0 6.01992125642413
10.0 6.30036495745678
11.0 6.317901651068
12.0 6.25164548329887
13.0 6.81784284346424
14.0 6.62907935394532
15.0 6.63450575295258
16.0 6.76737011354771
17.0 6.68928134142561
18.0 6.88703398627485
19.0 6.9779419139636
20.0 7.0907696798493
21.0 6.91341492160945
22.0 7.19181555032394
23.0 7.36020643307464
24.0 7.04843742599004
25.0 7.23242064005567
26.0 7.41552852676687
27.0 7.19999419526491
28.0 7.63896207706708
29.0 7.3085232522042
30.0 7.43394157537877
31.0 7.27464928611194
32.0 7.08261608952721
33.0 7.14695380484731
34.0 7.12569901665982
35.0 7.06144313472403
36.0 6.88555115190677
37.0 6.93979665203711
38.0 6.77714874251397
39.0 6.58637086038711
40.0 6.58543940204909
41.0 6.58512476707555
42.0 6.52945250709985
43.0 6.25938753203567
44.0 6.31680799781337
45.0 6.13202123297389
46.0 6.27487112624254
47.0 5.91315273908345
48.0 5.90385519589669
49.0 5.88483708705134
50.0 5.77250914742888
51.0 5.68043560427433
52.0 5.57547579482234
53.0 5.42167468921874
54.0 5.39230015346617
55.0 5.62455079377397
56.0 5.2766751176238
57.0 5.26252697080155
58.0 5.39514146559234
59.0 5.15048836605343
60.0 5.3233071918146
61.0 5.49529503494346
62.0 5.32047639532026
63.0 5.45478402992025
64.0 5.27676555643895
65.0 5.56046649002474
66.0 5.47595923203168
67.0 5.51079875428053
68.0 5.63570301099838
69.0 5.59079719846479
70.0 5.95929291986291
71.0 5.84836355755883
72.0 6.07923410894105
73.0 5.95227696130344
74.0 6.05799915574138
75.0 5.98820529878846
76.0 5.96846062678445
77.0 6.08270839723425
78.0 6.01344862064524
79.0 6.21621340102346
80.0 6.46728635102097
81.0 6.22225606486774
82.0 6.37971702767435
83.0 6.46575597728672
84.0 6.38211628671847
85.0 6.30552545346995
86.0 6.31815538033043
87.0 6.38408462385184
88.0 6.28958815439379
89.0 6.1255814251823
90.0 5.98240482074559
91.0 5.91711900310696
92.0 5.9203432027592
93.0 6.04439039985596
94.0 5.85274982744341
95.0 5.62145196003297
96.0 5.56420375836162
97.0 5.342296157704
98.0 5.5210645963314
99.0 5.21427703965222
100.0 5.43678530321109
101.0 4.88937991250247
102.0 5.01840104799234
103.0 4.71374694402409
104.0 4.61469640657765
105.0 4.51719609093649
106.0 4.44595752615947
107.0 4.24545343661467
108.0 4.26567037418847
109.0 4.30216285139665
110.0 4.04106444473066
111.0 4.21222048631094
112.0 3.81110455687347
113.0 3.78728094615414
114.0 3.8942506252648
115.0 3.82759545712453
116.0 3.74722033151043
117.0 3.80880503771497
118.0 3.64238495619814
119.0 3.74295731344759
120.0 3.76777449391047
121.0 3.60050904963985
122.0 3.80084608861569
123.0 3.84995086046439
124.0 3.93192383667043
125.0 3.62740732285593
126.0 3.89769972502326
127.0 3.98811264691697
128.0 3.94853316157419
129.0 4.08185623149837
130.0 4.05944068855271
131.0 3.80781382854175
132.0 4.22735743746764
133.0 4.11591624017082
134.0 4.08480790519665
135.0 4.19277386979036
136.0 4.17186294829911
137.0 4.41914997741352
138.0 4.3241399347434
139.0 4.53491198988802
140.0 4.27561131176857
141.0 4.54654267715888
142.0 4.63111552660933
143.0 4.4335744976804
144.0 4.40086358431044
145.0 4.67188500049583
146.0 4.28286768584966
147.0 4.78743715209881
148.0 4.70865106809942
149.0 4.71150211985391
150.0 4.73723030116435
151.0 4.74888038767611
152.0 4.76762132051628
153.0 4.88446773179071
154.0 4.76064825668231
155.0 4.83408853134077
156.0 4.73705205068796
157.0 4.73756519897784
158.0 4.78700847365433
159.0 4.91263875565751
160.0 4.74601960833648
161.0 4.89462816093878
162.0 4.96074511965893
163.0 4.86031740616384
164.0 4.9604888745778
165.0 4.84830811768762
166.0 4.78382837723914
167.0 4.8909528016299
168.0 4.69886861270409
169.0 4.6893441618685
170.0 4.61936265152339
171.0 4.52737195913416
172.0 4.68934334599331
173.0 4.69201128373972
174.0 4.76282635858114
175.0 4.45811637077198
176.0 4.71926222403668
177.0 4.5182590040548
178.0 4.53468890918809
179.0 4.64961176442864
180.0 4.62035600659613
181.0 4.78473265571527
182.0 4.55635733122575
183.0 4.37860170893356
184.0 4.53293510264303
185.0 4.57137051545589
186.0 4.53609028298773
187.0 4.41884877911965
188.0 4.58253048537409
189.0 4.36893854906153
190.0 4.35125298991488
191.0 4.01085591033765
192.0 4.08877697383537
193.0 4.32909218675331
194.0 4.35123352349034
195.0 4.24634475495553
196.0 4.12436771276991
197.0 4.04765380147076
198.0 4.04754209749787
199.0 4.06285558222073
200.0 4.12271441964004
