CPU-XYZ
101
0 8.87082364809110
1 8.62526764447390
2 8.58964244405253
3 8.73725822194833
4 8.77347656097902
5 8.41378690448000
6 8.50312007540384
7 8.56644352010549
8 8.48989461197856
9 8.29857802941759
10 8.08076322227243
11 8.14341967446641
12 8.18758670818713
13 7.91956650540888
14 8.06314893541729
15 7.87283590889228
16 7.88620906329945
17 7.72242485461496
18 7.48840640795312
19 7.21270421770973
20 7.25726292071459
21 7.00285832832683
22 6.92809334127830
23 6.75085620044270
24 6.72439527673049
25 6.56272050033181
26 6.43681798821813
27 6.20280541220230
28 6.18609667074544
29 5.93909902130592
30 6.03921574228463
31 5.94577868032758
32 5.87582044654729
33 5.62310342133009
34 5.53516276193740
35 5.75513629959062
36 5.70142400200158
37 5.11503146646884
38 5.29635440568372
39 5.21640374425659
40 5.29534749896792
41 5.27259891114988
42 4.91841856391187
43 5.08803298607435
44 5.04018707734413
45 4.94994007604636
46 4.98060894387983
47 4.96781447662573
48 5.30385945010047
49 5.20928215389429
50 5.18972586856174
51 5.17255172592449
52 5.30587933418864
53 5.36122355564840
54 5.03364130231322
55 5.36410505985562
56 5.42917667519349
57 5.53018819406021
58 5.60371257853173
59 5.65560097048948
60 5.60120279177991
61 5.61953784040193
62 5.83927540150669
63 5.94478538603515
64 6.00325268449012
65 5.97622216796263
66 5.85232132133993
67 6.25321287455546
68 6.17253130461154
69 6.40527501254951
70 6.60028963558837
71 6.50380316174550
72 6.68151171009916
73 6.65838505782016
74 6.80455764402191
75 6.84868069201165
76 7.15772568274399
77 7.25271791781113
78 7.20910233683128
79 7.11375940882425
80 7.35326573887261
81 7.46717024395476
82 7.43116940613846
83 7.39733607422915
84 7.46816406186624
85 7.54426186442189
86 7.65406770479782
87 7.68213120101108
88 7.91238009898298
89 7.84052953217263
90 7.88201359106010
91 7.95127646901696
92 8.04949983997949
93 8.16900154290119
94 7.96151104928044
95 8.00151734251224
96 8.16310998873007
97 8.29210811882175
98 8.09016129067430
99 8.40331403045891
100 8.12448042523403
