Electronics123
101
0 7.03252200384885
1 7.22318789659375
2 7.15541894785058
3 7.26260367526196
4 7.20417678321401
5 7.31229691266537
6 7.21928346948751
7 7.49175726684689
8 7.58099530244329
9 7.36699087183300
10 7.67088428458305
11 7.71525993703476
12 7.80988069421898
13 7.91731851951441
14 7.99922966665599
15 8.18535029578369
16 8.30633034708708
17 8.30763498336801
18 8.20428745036063
19 8.21158819804114
20 8.40444247444050
21 8.49175284440426
22 8.44469369897485
23 8.79232564407941
24 8.55285701200454
25 8.72281538584463
26 8.68453751267656
27 8.63425131463477
28 8.54489655031973
29 8.60939664539795
30 8.90015401454991
31 8.42266666935221
32 8.71159775806309
33 8.68260433635294
34 8.31794721035476
35 8.43493974007631
36 8.67465797550800
37 8.52606913897278
38 8.60171884907147
39 8.27760026624358
40 8.39249822343112
41 8.20174095495673
42 7.96414583000316
43 7.81787499077224
44 8.08989871167621
45 7.69642896621202
46 7.69701886238107
47 7.74320627017630
48 7.30693776709394
49 7.29385982338398
50 7.24849909848833
51 7.34910247000139
52 7.49800255678960
53 7.25771503542316
54 7.16503035953248
55 7.11807628500721
56 7.31805036600946
57 6.70232851775437
58 6.96196094370863
59 6.81241775414758
60 6.91843335064480
61 6.85253605890826
62 6.86565054698787
63 6.68647348831030
64 6.64255781853841
65 6.63159647227894
66 6.77180218102436
67 6.51930422160843
68 6.68214201303364
69 6.60110402238169
70 6.68082467017971
71 6.69480390605043
72 6.83919850415491
73 6.71766584808637
74 6.75765010437334
75 6.95720119351755
76 6.66472715531717
77 7.01383602118273
78 7.05043648267177
79 7.22312757195472
80 7.09484339834525
81 7.00061951112088
82 7.47129066025933
83 7.37962457243033
84 7.34603187118090
85 7.27555529590818
86 7.47371261802886
87 7.18430433070271
88 7.30874028163155
89 7.33756090503677
90 7.30326933411732
91 7.65105056260877
92 7.32672759947739
93 7.24165574475722
94 7.57255395770732
95 7.39523831210105
96 7.17338931674271
97 7.21085654068183
98 7.37727683972542
99 7.16871569767960
100 7.07906650315297
