Electronics123
201
0.0 7.03252200384885
1.0 7.22318789659375
2.0 7.15541894785058
3.0 7.26260367526196
4.0 7.20417678321401
5.0 7.31229691266537
6.0 7.21928346948751
7.0 7.49175726684689
8.0 7.58099530244329
9.0 7.366990871833
10.0 7.67088428458305
11.0 7.71525993703476
12.0 7.80988069421898
13.0 7.91731851951441
14.0 7.99922966665599
15.0 8.18535029578369
16.0 8.30633034708708
17.0 8.30763498336801
18.0 8.20428745036063
19.0 8.21158819804114
20.0 8.4044424744405
21.0 8.49175284440426
22.0 8.44469369897485
23.0 8.79232564407941
24.0 8.55285701200454
25.0 8.72281538584463
26.0 8.68453751267656
27.0 8.63425131463477
28.0 8.54489655031973
29.0 8.60939664539795
30.0 8.90015401454991
31.0 8.42266666935221
32.0 8.71159775806309
33.0 8.68260433635294
34.0 8.31794721035476
35.0 8.43493974007631
36.0 8.674657975508
37.0 8.52606913897278
38.0 8.60171884907147
39.0 8.27760026624358
40.0 8.39249822343112
41.0 8.20174095495673
42.0 7.96414583000316
43.0 7.81787499077224
44.0 8.08989871167621
45.0 7.69642896621202
46.0 7.69701886238107
47.0 7.7432062701763
48.0 7.30693776709394
49.0 7.29385982338398
50.0 7.24849909848833
51.0 7.34910247000139
52.0 7.4980025567896
53.0 7.25771503542316
54.0 7.16503035953248
55.0 7.11807628500721
56.0 7.31805036600946
57.0 6.70232851775437
58.0 6.96196094370863
59.0 6.81241775414758
60.0 6.9184333506448
61.0 6.85253605890826
62.0 6.86565054698787
63.0 6.6864734883103
64.0 6.64255781853841
65.0 6.63159647227894
66.0 6.77180218102436
67.0 6.51930422160843
68.0 6.68214201303364
69.0 6.60110402238169
70.0 6.68082467017971
71.0 6.69480390605043
72.0 6.83919850415491
73.0 6.71766584808637
74.0 6.75765010437334
75.0 6.95720119351755
76.0 6.66472715531717
77.0 7.01383602118273
78.0 7.05043648267177
79.0 7.22312757195472
80.0 7.09484339834525
81.0 7.00061951112088
82.0 7.47129066025933
83.0 7.37962457243033
84.0 7.3460318711809
85.0 7.27555529590818
86.0 7.47371261802886
87.0 7.18430433070271
88.0 7.30874028163155
89.0 7.33756090503677
90.0 7.30326933411732
91.0 7.65105056260877
92.0 7.32672759947739
93.0 7.24165574475722
94.0 7.57255395770732
95.0 7.39523831210105
96.0 7.17338931674271
97.0 7.21085654068183
98.0 7.37727683972542
99.0 7.1687156976796
100.0 7.07906650315297
101.0 7.0397148342047
102.0 7.35279431097636
103.0 7.22707430121524
104.0 6.86020064187588
105.0 6.74952818062801
106.0 6.63286400886834
107.0 6.35328291058978
108.0 6.36700371760049
109.0 6.37083698694464
110.0 6.31284813620233
111.0 6.19399947225656
112.0 5.97601727772565
113.0 6.4564828482588
114.0 6.31280379497916
115.0 5.66992983365913
116.0 6.20356026839162
117.0 5.73286427081799
118.0 5.9437296900118
119.0 5.98055428977734
120.0 5.59527382722356
121.0 5.73154379202082
122.0 5.88635415231626
123.0 5.51036947825806
124.0 5.5369548910041
125.0 5.01729769423391
126.0 5.42546210396668
127.0 5.43382036153693
128.0 5.46591965690505
129.0 5.31536368032459
130.0 5.4048192824814
131.0 5.5072550684709
132.0 5.49817777104823
133.0 5.73788366243529
134.0 5.14803761392973
135.0 5.33318248405523
136.0 5.50823325211602
137.0 5.90055476152781
138.0 5.72127446942055
139.0 5.74399894607914
140.0 5.5001238519933
141.0 5.79957053440658
142.0 5.92019530765085
143.0 5.83280672814204
144.0 5.80647618596022
145.0 5.58447302929004
146.0 5.72623164186745
147.0 6.29185536806798
148.0 6.15503557960318
149.0 5.66357849557506
150.0 5.91568019588781
151.0 5.78798696945111
152.0 5.86307092230683
153.0 5.76883021170312
154.0 6.09705638397067
155.0 5.91784088590492
156.0 6.01385118934837
157.0 5.88837766853913
158.0 5.7040533856344
159.0 5.67220183013517
160.0 5.59530435614891
161.0 5.53817322001793
162.0 5.47851921969595
163.0 5.66222477632463
164.0 5.32348461242997
165.0 5.33495018943298
166.0 5.44326246137511
167.0 5.23311055654553
168.0 4.79481728461121
169.0 4.86672000092419
170.0 5.0164242346598
171.0 4.87091500788982
172.0 4.73445835096341
173.0 4.73669693936702
174.0 4.71587896801964
175.0 4.6343216007845
176.0 4.26619388710232
177.0 4.22033024797112
178.0 4.50448819210115
179.0 4.33347327457247
180.0 4.2853577798433
181.0 4.06673608680687
182.0 4.1228183917975
183.0 4.19743688631656
184.0 3.94233982298113
185.0 3.73435145505278
186.0 4.11195029003951
187.0 3.88809731024104
188.0 3.85190359368264
189.0 4.14556333719771
190.0 3.87569297713825
191.0 3.97909049899909
192.0 4.28964741390442
193.0 3.84218656036551
194.0 4.19072091669624
195.0 4.08545136699951
196.0 4.0677790300832
197.0 4.1145075561741
198.0 3.91484473603662
199.0 4.22376090029061
200.0 3.91694707310647
