EnviroLike
101
0 7.48276175017971
1 7.55053000522275
2 7.01377236225165
3 7.22219364600260
4 7.17517653187288
5 7.22630053953189
6 7.35344760317168
7 7.32601118957012
8 7.65858661052501
9 7.44561681578054
10 7.29882803970319
11 7.47064790357575
12 7.47474406934789
13 7.47653705358992
14 7.69236026926583
15 7.82491457463290
16 7.44992681273135
17 7.68139478764905
18 7.93532129144448
19 7.81245346521623
20 7.75381206581639
21 7.87510405083176
22 7.75533498819268
23 7.65457356347073
24 7.57205932495154
25 7.73146217782115
26 7.42909698693043
27 7.77066842809989
28 7.36395340392814
29 7.55506008531643
30 7.67114837670603
31 7.56782113920360
32 7.51804565372627
33 7.68843699563803
34 7.61915801373833
35 7.30246508736454
36 7.43324313362077
37 7.17082369255781
38 7.13537317342318
39 7.13788735949440
40 7.12277203521099
41 7.19580530105263
42 7.10849706490429
43 6.81616211485262
44 7.05327902314096
45 7.16613764710111
46 6.90321635791360
47 7.07745336283930
48 6.60468335361991
49 6.62655067996592
50 6.50100392951695
51 6.40481269426876
52 6.77466588318279
53 6.25007037219114
54 6.44088334501200
55 6.40525441348443
56 6.34575722071575
57 6.35127866028082
58 6.33707950690574
59 6.25796905038458
60 6.20222697965596
61 6.20938727685795
62 6.10391296047988
63 6.21129325927967
64 6.52790980444137
65 6.35729977656913
66 6.27237441844483
67 6.30998092077107
68 6.49850314362376
69 6.23113003888483
70 6.48407412077952
71 6.40101484064250
72 6.59754930095336
73 6.59751339575912
74 6.82196723437816
75 6.73510586082586
76 6.55187800314931
77 6.82567545151773
78 6.63981297615519
79 7.05105198314273
80 6.72256173883615
81 6.29301969401062
82 6.91671581586474
83 6.93338805514909
84 7.01758235222020
85 6.89671063340560
86 6.78575480678798
87 6.81182400041971
88 7.05666545497168
89 6.58851184152276
90 6.83300750795239
91 6.93215234665995
92 6.86965508567215
93 6.71001261015811
94 6.96554710562974
95 6.49318569921531
96 6.71105148188992
97 6.67388115655808
98 6.66655326032965
99 6.77262988843755
100 6.36930608121611
