Fuel4
201
0.0 6.98606158394054
1.0 6.99987035661588
2.0 7.01198508459618
3.0 6.93227835703623
4.0 6.9359231191022
5.0 7.03035606916373
6.0 6.99865431520685
7.0 7.1219376395703
8.0 7.01290783553928
9.0 7.14548350714349
10.0 7.10420223960119
11.0 7.24835631956803
12.0 7.11344282022517
13.0 7.22957636028228
14.0 7.28059960884368
15.0 7.21763525539732
16.0 7.42116414895465
17.0 7.42568315723157
18.0 7.45677157233627
19.0 7.51592935061565
20.0 7.73383923253928
21.0 7.62047903261903
22.0 7.76195502442491
23.0 7.79065037797665
24.0 7.87050243690719
25.0 7.93517612506469
26.0 7.81427986876444
27.0 8.01072837081591
28.0 8.1121198662562
29.0 8.00416442035134
30.0 7.930417062784
31.0 8.22177541127469
32.0 8.02033500310606
33.0 8.17407629923557
34.0 8.10278624518886
35.0 7.92805320799812
36.0 8.18818696619912
37.0 7.93036608552068
38.0 7.88543370604197
39.0 7.68685267815134
40.0 7.82581321559479
41.0 7.78337981140203
42.0 7.70433011262511
43.0 7.48405145609437
44.0 7.4622614972689
45.0 7.32850809818604
46.0 7.15585895017492
47.0 7.11723477781518
48.0 7.12167514748698
49.0 6.89619887317282
50.0 6.85064857017829
51.0 6.77236451999597
52.0 6.48894227711903
53.0 6.48436514699452
54.0 6.4300625389947
55.0 6.35383809104204
56.0 6.19656003588524
57.0 6.00919331963587
58.0 6.04113329213199
59.0 5.92492431298122
60.0 5.72199012762477
61.0 5.94004990272744
62.0 5.72212719600175
63.0 5.66763057424696
64.0 5.61494636540172
65.0 5.59794259246205
66.0 5.52274187194819
67.0 5.53677883513578
68.0 5.45047225828343
69.0 5.52796825482106
70.0 5.46769185124176
71.0 5.51497064008481
72.0 5.49731104058667
73.0 5.60733026070821
74.0 5.53839225356619
75.0 5.60607696386743
76.0 5.7296644293933
77.0 5.7163150237428
78.0 5.73603784762057
79.0 5.60667436217041
80.0 5.73860989032959
81.0 5.82233682448233
82.0 5.80876302296164
83.0 5.85485633134002
84.0 6.00385204444143
85.0 6.01176564478016
86.0 6.02567459045298
87.0 6.14099284545133
88.0 6.04786860864141
89.0 6.2222858499235
90.0 6.23842475945484
91.0 6.16957787693008
92.0 6.09022805790657
93.0 6.16221064887923
94.0 6.1884459830776
95.0 6.25552149567006
96.0 6.18258880606203
97.0 6.17866639048452
98.0 6.16012892742162
99.0 6.18109316971847
100.0 6.09385963369825
101.0 6.1918323869142
102.0 6.05326554475793
103.0 6.12761645055361
104.0 6.11514456851824
105.0 6.18209277086607
106.0 6.12426247690884
107.0 6.22637631185183
108.0 6.20672424697348
109.0 6.04067955725584
110.0 6.07095349351945
111.0 6.00944819656562
112.0 6.10247370197978
113.0 6.04614830754295
114.0 6.13459509404166
115.0 6.14150229913925
116.0 6.26708344572021
117.0 6.13765382922214
118.0 6.17846132269337
119.0 6.35671458770828
120.0 6.25684519584773
121.0 6.22912162475584
122.0 6.4168348040554
123.0 6.46785251678912
124.0 6.42833467163889
125.0 6.41548331185735
126.0 6.58184716516098
127.0 6.5493276571376
128.0 6.54514335238274
129.0 6.53771715205462
130.0 6.57167543112954
131.0 6.63816225568441
132.0 6.71772116480816
133.0 6.68982575073628
134.0 6.59773664127158
135.0 6.83793334733174
136.0 6.76775720112349
137.0 6.66460490648545
138.0 6.695705660096
139.0 6.58874029445532
140.0 6.81330663683085
141.0 6.71255596737859
142.0 6.8167125920398
143.0 6.78867729059009
144.0 6.63289002361758
145.0 6.73317607926233
146.0 6.72621850449736
147.0 6.73224447829167
148.0 6.66691245275724
149.0 6.70325237191727
150.0 6.64320023380799
151.0 6.63326832044735
152.0 6.3904613576871
153.0 6.54428330082639
154.0 6.5251563051699
155.0 6.57591509976638
156.0 6.47328869853912
157.0 6.46374731091895
158.0 6.60532791780425
159.0 6.46846729488466
160.0 6.46893192223984
161.0 6.42139739116023
162.0 6.37624200191363
163.0 6.52595798705814
164.0 6.46378988998127
165.0 6.668373334088
166.0 6.64542587494522
167.0 6.65497563000924
168.0 6.63713163781602
169.0 6.73475318419629
170.0 6.81244561320827
171.0 6.77357298157952
172.0 6.92230485145436
173.0 6.97257879411338
174.0 6.9808439145796
175.0 7.05584909398202
176.0 7.17776854956497
177.0 6.99540152461904
178.0 7.22587346100185
179.0 7.18908109974693
180.0 7.23404988301742
181.0 7.39194398968183
182.0 7.53561433186872
183.0 7.46507282311354
184.0 7.45153416679948
185.0 7.43114935957499
186.0 7.56688619075179
187.0 7.41575527936514
188.0 7.60031477743
189.0 7.52484837123087
190.0 7.54387799358442
191.0 7.51630462348555
192.0 7.66268953148595
193.0 7.64876718054372
194.0 7.67927040211042
195.0 7.57392132598921
196.0 7.65232007289615
197.0 7.74866984310421
198.0 7.60967374881522
199.0 7.62000182236755
200.0 7.51703434949085
