Fuel4
101
0 6.98606158394054
1 6.99987035661588
2 7.01198508459618
3 6.93227835703623
4 6.93592311910220
5 7.03035606916373
6 6.99865431520685
7 7.12193763957030
8 7.01290783553928
9 7.14548350714349
10 7.10420223960119
11 7.24835631956803
12 7.11344282022517
13 7.22957636028228
14 7.28059960884368
15 7.21763525539732
16 7.42116414895465
17 7.42568315723157
18 7.45677157233627
19 7.51592935061565
20 7.73383923253928
21 7.62047903261903
22 7.76195502442491
23 7.79065037797665
24 7.87050243690719
25 7.93517612506469
26 7.81427986876444
27 8.01072837081591
28 8.11211986625620
29 8.00416442035134
30 7.93041706278400
31 8.22177541127469
32 8.02033500310606
33 8.17407629923557
34 8.10278624518886
35 7.92805320799812
36 8.18818696619912
37 7.93036608552068
38 7.88543370604197
39 7.68685267815134
40 7.82581321559479
41 7.78337981140203
42 7.70433011262511
43 7.48405145609437
44 7.46226149726890
45 7.32850809818604
46 7.15585895017492
47 7.11723477781518
48 7.12167514748698
49 6.89619887317282
50 6.85064857017829
51 6.77236451999597
52 6.48894227711903
53 6.48436514699452
54 6.43006253899470
55 6.35383809104204
56 6.19656003588524
57 6.00919331963587
58 6.04113329213199
59 5.92492431298122
60 5.72199012762477
61 5.94004990272744
62 5.72212719600175
63 5.66763057424696
64 5.61494636540172
65 5.59794259246205
66 5.52274187194819
67 5.53677883513578
68 5.45047225828343
69 5.52796825482106
70 5.46769185124176
71 5.51497064008481
72 5.49731104058667
73 5.60733026070821
74 5.53839225356619
75 5.60607696386743
76 5.72966442939330
77 5.71631502374280
78 5.73603784762057
79 5.60667436217041
80 5.73860989032959
81 5.82233682448233
82 5.80876302296164
83 5.85485633134002
84 6.00385204444143
85 6.01176564478016
86 6.02567459045298
87 6.14099284545133
88 6.04786860864141
89 6.22228584992350
90 6.23842475945484
91 6.16957787693008
92 6.09022805790657
93 6.16221064887923
94 6.18844598307760
95 6.25552149567006
96 6.18258880606203
97 6.17866639048452
98 6.16012892742162
99 6.18109316971847
100 6.09385963369825
