Lasers
101
0 7.86029362488676
1 8.13858203131475
2 8.25343830901087
3 8.14938387168430
4 7.91899879082447
5 7.98526133345441
6 7.91850632370693
7 8.17766895174347
8 7.82839621653970
9 8.13831266581343
10 7.97508569718562
11 7.93093076448619
12 8.00792302194956
13 7.90602032307522
14 7.90557032666435
15 8.12241174218580
16 8.02560502760757
17 7.78742618569464
18 7.90347892973342
19 8.06846815818368
20 8.01873211601304
21 7.72988920303617
22 8.27974746005731
23 7.85647875145926
24 7.87480407285727
25 7.82735300084441
26 7.83664306285959
27 7.83580025179788
28 7.98931436707628
29 7.77303381940347
30 7.89461368556608
31 7.57512019695228
32 7.65240294921636
33 7.46559920843055
34 7.91744090635815
35 7.87697740862052
36 7.64314322494330
37 7.27975109790739
38 7.79708462295861
39 7.38087105805566
40 7.39501768541833
41 7.44187334550777
42 7.25086730454762
43 7.18331807317149
44 7.27141383046287
45 7.36318244905060
46 7.43875649306538
47 7.60564634424292
48 7.55709830838051
49 7.82103240829592
50 7.28072042306145
51 7.41849291942009
52 7.12466474227099
53 7.64744907483438
54 7.30052142630824
55 7.20472907656965
56 7.49742178404110
57 6.99233660070108
58 7.21695108785891
59 7.32976077390440
60 7.38991472842458
61 6.90825478468589
62 7.17875029686965
63 6.95469378125194
64 7.11570272513074
65 7.07950276154823
66 6.99887765257105
67 7.12174536638251
68 7.22457547677064
69 6.86080214842297
70 7.08774359185531
71 7.12653170453268
72 6.87492521039327
73 6.45994949585634
74 6.63260277651027
75 6.85412751878874
76 6.60201237966658
77 6.62311621389663
78 6.81452003444303
79 6.75971896907678
80 6.51242362675772
81 6.41560482298376
82 6.47171493030495
83 6.68568737652508
84 6.26922258462798
85 6.45859387005275
86 6.42199104443545
87 6.42692757584000
88 6.35256878579961
89 6.33844529782546
90 6.42533100535029
91 6.00255499165875
92 6.02165317895309
93 6.28710677637216
94 6.43771038481965
95 6.09454823105295
96 5.88883550588109
97 5.92605551890225
98 6.15804727978610
99 6.04873082599031
100 6.12227659052957
