MarsProject
101
0 3.14433657081139
1 3.12504988611425
2 3.06761452636905
3 3.35698524931493
4 3.34023831757120
5 3.61874508052710
6 3.76295007998785
7 3.59788369457515
8 3.58358725201966
9 3.68470139015490
10 3.71300732302560
11 3.77788329199705
12 3.87966328388284
13 3.57217253254738
14 3.52760408948486
15 3.50696439032313
16 3.87164506254353
17 3.77563245590165
18 4.03918309551991
19 3.59223852111660
20 3.54516353155483
21 3.72847746641827
22 3.74564212427848
23 3.70767637695015
24 3.69905615965423
25 3.39963100115161
26 3.61569660095361
27 3.50980867400666
28 3.74639548915731
29 3.18310079918960
30 3.26171401611293
31 3.58989118331777
32 3.43426512061129
33 3.63471011642817
34 3.24844761139679
35 3.42220680625647
36 3.01492670608250
37 3.18771415253268
38 3.49045084418483
39 3.47247751569854
40 3.13761871967102
41 2.95342976925449
42 3.17233187000585
43 3.21339938864722
44 3.39778970416769
45 3.33912443132039
46 2.65595134365223
47 3.08568865895146
48 3.30999603497669
49 3.04255700463160
50 3.15083245263605
51 3.24365962444036
52 3.42936710635785
53 3.16311978485105
54 3.48238857786913
55 3.14668724899128
56 3.50246874717646
57 3.24895338878810
58 3.23881052959400
59 3.39840619320792
60 3.42402995690266
61 3.38673990612330
62 3.38549975869169
63 3.36980704673688
64 3.60858662678598
65 3.47606523574602
66 3.58268000429265
67 3.59528582108679
68 3.94442458622205
69 3.79557069990364
70 3.68454642545933
71 3.54638806097652
72 3.79635785004801
73 3.66604239586597
74 3.74628981665236
75 3.86999616326519
76 3.89329898607024
77 3.75311495532771
78 4.08934838479276
79 3.60292440783749
80 4.05902656041818
81 4.06077280449954
82 4.20323839059952
83 4.00975228826284
84 3.85302779812814
85 3.97294139861943
86 3.89952945579553
87 3.90668343636890
88 3.89942507184075
89 3.64674232712804
90 3.99496715849314
91 3.57586533037626
92 3.51065895668874
93 3.38967889304216
94 3.51044525101926
95 3.55523850171977
96 3.60128551002722
97 3.57866772203929
98 3.82420314917942
99 3.80511258911682
100 3.40767921297809
