Moneymakers
101
0 2.29488235232101
1 2.34317131672146
2 2.40163954863990
3 2.45887196749482
4 2.38015917362647
5 2.52278269832937
6 2.41854442411051
7 2.60959614420237
8 2.58974151274395
9 2.69718867999950
10 2.83031974655823
11 2.96114260502326
12 2.84837968695353
13 2.91878306060834
14 3.00275083784695
15 2.97091395046573
16 3.28636889187071
17 3.21667335489258
18 3.30869760701320
19 3.30690848596679
20 3.25375579768956
21 3.49021828217490
22 3.56941894069317
23 3.44703375169392
24 3.77337543370224
25 3.69786682582014
26 3.52678745541531
27 3.63012311964937
28 3.64579844128534
29 3.63092170887795
30 3.63527523502706
31 3.71143155554472
32 3.50817685006909
33 3.66063026983002
34 3.55237731357467
35 3.63889355237136
36 3.65825113337651
37 3.66925500291559
38 3.46725752850057
39 3.41535332108315
40 3.32482603052674
41 3.46433703314458
42 3.26202991770216
43 3.28289658668149
44 3.19205274600961
45 3.10038365165134
46 3.05969988579073
47 3.09845756334360
48 3.11972054619078
49 3.15151990494426
50 3.04493969579039
51 3.11508360838945
52 2.93326175040258
53 2.94644457160962
54 3.10710129255654
55 3.09410615053688
56 3.10720636852423
57 3.01868360939210
58 3.04553505225125
59 3.20085754595816
60 3.11503532864948
61 3.07485157480678
62 3.26955800111829
63 3.30528438068546
64 3.55698583751122
65 3.41072421646588
66 3.46784155822753
67 3.66405627056184
68 3.74766650841427
69 3.84741202402487
70 3.82310704474273
71 3.95156000084968
72 4.18288169218075
73 4.26191086950334
74 4.39085922151681
75 4.34711388869755
76 4.53492305509300
77 4.46211671313302
78 4.64017373757886
79 4.65015447282047
80 4.86309408795682
81 4.71374484855364
82 4.75995804171996
83 4.69575799339904
84 4.75863628138050
85 4.83035950295939
86 4.83131726439872
87 4.71510101382248
88 4.76334322707040
89 4.74976690984634
90 4.55680837367110
91 4.59242815974985
92 4.58210107737982
93 4.55771293290004
94 4.43687286486389
95 4.59752599877489
96 4.40352715443989
97 4.43293472255939
98 4.22574408778786
99 4.00353502674089
100 4.10051413424314
