PearPear
101
0 1.97686826922930
1 2.03413942753392
2 2.04844302120327
3 2.07963705382550
4 2.10934032900165
5 2.17386828494188
6 2.20206916547135
7 2.22468792265961
8 2.32320754145284
9 2.37833231594972
10 2.42866510234893
11 2.46451063576107
12 2.49797478858523
13 2.55883452761959
14 2.58973129180694
15 2.62224275657763
16 2.70754028043981
17 2.73183801621053
18 2.85145130064880
19 2.92056218283163
20 3.02483451899980
21 3.05370955731946
22 3.09073141749192
23 3.18843736768906
24 3.27126593428532
25 3.36190709378558
26 3.42951641317690
27 3.51441011872332
28 3.57664481148416
29 3.65852257867374
30 3.70413288099860
31 3.80538332443104
32 3.89101851467391
33 3.96897673656851
34 4.00980693301581
35 4.12526577420109
36 4.19265291994623
37 4.24453481320143
38 4.30291877548728
39 4.38177566552696
40 4.43361321881892
41 4.51319208057178
42 4.54748664261662
43 4.59880166809035
44 4.63671211429715
45 4.74411618554057
46 4.75642720238088
47 4.82064336110679
48 4.78686478737681
49 4.87889316158903
50 4.89187276025108
51 4.91471074571892
52 5.00720124379494
53 4.89218508052948
54 5.01191677225369
55 4.98858680408742
56 4.93238228462832
57 4.98829211607181
58 4.97609638072714
59 4.95079487647181
60 4.91460117582243
61 4.87818574346988
62 4.86094033030739
63 4.84078030410540
64 4.84882703134875
65 4.77179639266157
66 4.74829812994309
67 4.72823821123290
68 4.64559316005656
69 4.59899319536732
70 4.54903597302454
71 4.49975564454196
72 4.42108950604176
73 4.38999467044176
74 4.31237109641224
75 4.23217469950502
76 4.15022207131990
77 4.13266295651881
78 4.03848235291034
79 3.97248287871860
80 3.89754261288059
81 3.82404896097629
82 3.72962384277111
83 3.67854994721729
84 3.63874077476573
85 3.53091460318505
86 3.47199907218326
87 3.38006857288708
88 3.34142288426525
89 3.26947394432428
90 3.20212507256589
91 3.12593452429542
92 3.04105372620539
93 3.01263223119912
94 2.93507624715459
95 2.86920305228000
96 2.84035784655982
97 2.69083146502757
98 2.67934007338646
99 2.65989877972383
100 2.58046530223028
