PearPear
201
0.0 1.9768682692293
1.0 2.03413942753392
2.0 2.04844302120327
3.0 2.0796370538255
4.0 2.10934032900165
5.0 2.17386828494188
6.0 2.20206916547135
7.0 2.22468792265961
8.0 2.32320754145284
9.0 2.37833231594972
10.0 2.42866510234893
11.0 2.46451063576107
12.0 2.49797478858523
13.0 2.55883452761959
14.0 2.58973129180694
15.0 2.62224275657763
16.0 2.70754028043981
17.0 2.73183801621053
18.0 2.8514513006488
19.0 2.92056218283163
20.0 3.0248345189998
21.0 3.05370955731946
22.0 3.09073141749192
23.0 3.18843736768906
24.0 3.27126593428532
25.0 3.36190709378558
26.0 3.4295164131769
27.0 3.51441011872332
28.0 3.57664481148416
29.0 3.65852257867374
30.0 3.7041328809986
31.0 3.80538332443104
32.0 3.89101851467391
33.0 3.96897673656851
34.0 4.00980693301581
35.0 4.12526577420109
36.0 4.19265291994623
37.0 4.24453481320143
38.0 4.30291877548728
39.0 4.38177566552696
40.0 4.43361321881892
41.0 4.51319208057178
42.0 4.54748664261662
43.0 4.59880166809035
44.0 4.63671211429715
45.0 4.74411618554057
46.0 4.75642720238088
47.0 4.82064336110679
48.0 4.78686478737681
49.0 4.87889316158903
50.0 4.89187276025108
51.0 4.91471074571892
52.0 5.00720124379494
53.0 4.89218508052948
54.0 5.01191677225369
55.0 4.98858680408742
56.0 4.93238228462832
57.0 4.98829211607181
58.0 4.97609638072714
59.0 4.95079487647181
60.0 4.91460117582243
61.0 4.87818574346988
62.0 4.86094033030739
63.0 4.8407803041054
64.0 4.84882703134875
65.0 4.77179639266157
66.0 4.74829812994309
67.0 4.7282382112329
68.0 4.64559316005656
69.0 4.59899319536732
70.0 4.54903597302454
71.0 4.49975564454196
72.0 4.42108950604176
73.0 4.38999467044176
74.0 4.31237109641224
75.0 4.23217469950502
76.0 4.1502220713199
77.0 4.13266295651881
78.0 4.03848235291034
79.0 3.9724828787186
80.0 3.89754261288059
81.0 3.82404896097629
82.0 3.72962384277111
83.0 3.67854994721729
84.0 3.63874077476573
85.0 3.53091460318505
86.0 3.47199907218326
87.0 3.38006857288708
88.0 3.34142288426525
89.0 3.26947394432428
90.0 3.20212507256589
91.0 3.12593452429542
92.0 3.04105372620539
93.0 3.01263223119912
94.0 2.93507624715459
95.0 2.86920305228
96.0 2.84035784655982
97.0 2.69083146502757
98.0 2.67934007338646
99.0 2.65989877972383
100.0 2.58046530223028
101.0 2.50593415721457
102.0 2.44820827750517
103.0 2.3755595182481
104.0 2.33538727465305
105.0 2.3388131655635
106.0 2.23482098867748
107.0 2.19400455010554
108.0 2.13523365394356
109.0 2.08345938147646
110.0 2.08982013198747
111.0 2.0025685246516
112.0 2.02517426197429
113.0 1.90722021460858
114.0 1.88487253416479
115.0 1.8753698288007
116.0 1.85481093403559
117.0 1.80058617947813
118.0 1.78450774972092
119.0 1.76765129897773
120.0 1.74461451747579
121.0 1.70930071797214
122.0 1.72663280112651
123.0 1.69804521292136
124.0 1.65742411719702
125.0 1.67944652364722
126.0 1.69682388290075
127.0 1.67228329441977
128.0 1.67565155809526
129.0 1.72748195127498
130.0 1.74849525791274
131.0 1.75691033418694
132.0 1.75466142827739
133.0 1.78655270783859
134.0 1.83349085510219
135.0 1.84269632041577
136.0 1.84914885162335
137.0 1.97761717312345
138.0 1.9695102430139
139.0 2.0362485142815
140.0 2.08756283763136
141.0 2.1576749347969
142.0 2.20787795959072
143.0 2.31622054713905
144.0 2.33819955027873
145.0 2.41783544731648
146.0 2.51931019564749
147.0 2.57477390028019
148.0 2.69145794929113
149.0 2.70846942156853
150.0 2.87841781510808
151.0 2.94919902966581
152.0 3.0024421650601
153.0 3.14128877554719
154.0 3.21914150386977
155.0 3.3061518264215
156.0 3.44202611774717
157.0 3.47544873063203
158.0 3.57690135034996
159.0 3.66300746513769
160.0 3.75274053399326
161.0 3.8941605332524
162.0 3.92332951308859
163.0 4.04682069609025
164.0 4.08293045479545
165.0 4.22909893321446
166.0 4.27040451451738
167.0 4.34546161882595
168.0 4.46300217491572
169.0 4.52029651598691
170.0 4.56764718995238
171.0 4.60306891549776
172.0 4.69478255574264
173.0 4.7593834225352
174.0 4.75221107908127
175.0 4.84478401857023
176.0 4.88140753661597
177.0 4.9373468133306
178.0 4.91040327396236
179.0 4.95638162449267
180.0 4.9764369734077
181.0 4.96491294254557
182.0 4.98864551302677
183.0 5.01132911097793
184.0 5.00766120331405
185.0 5.00812057927077
186.0 5.02376445208474
187.0 5.00501874173836
188.0 4.9580064851227
189.0 4.96518893595666
190.0 4.99453442888141
191.0 4.95094339641511
192.0 4.90012357624216
193.0 4.8769411422377
194.0 4.84400656934589
195.0 4.84775048251533
196.0 4.82201118164011
197.0 4.77645497464537
198.0 4.73638704053926
199.0 4.72458092362983
200.0 4.65468276381236
