Photons
101
0 5.18678680134451
1 5.20242739385609
2 5.22910267398575
3 5.25672815982082
4 5.26599868231764
5 5.26304432473556
6 5.28441167589352
7 5.28255206205433
8 5.26029444527682
9 5.23193363384552
10 5.21220728004295
11 5.18075809534703
12 5.14543950193327
13 5.10179741830577
14 5.07108310796544
15 5.03619128278926
16 4.98961758121452
17 4.95654288061780
18 4.91799898967586
19 4.87264356744266
20 4.83819502522482
21 4.79712041007799
22 4.78146879277198
23 4.75102311263553
24 4.73210698449962
25 4.73254279968547
26 4.70947880720631
27 4.72408152873994
28 4.72826170690195
29 4.73623026405216
30 4.76017376942907
31 4.78492015779179
32 4.82133073319917
33 4.87935336544994
34 4.91941186734573
35 4.97879636506209
36 5.04016108562989
37 5.11698109532562
38 5.19021940041180
39 5.27634540455339
40 5.37066338148399
41 5.46234612239894
42 5.55866451286148
43 5.65512291219376
44 5.76549372272617
45 5.86691587280571
46 5.96865585556632
47 6.07695296695046
48 6.17638074038218
49 6.27519714292393
50 6.37989256103855
51 6.47253383500905
52 6.55826896597226
53 6.63502293829254
54 6.71027470457893
55 6.79266273960126
56 6.85662760048266
57 6.91267654393795
58 6.93764792432259
59 6.99238757638511
60 7.01223813267500
61 7.04529816392918
62 7.05983417730308
63 7.05200866034469
64 7.05681356717765
65 7.04103586213166
66 7.02107840699614
67 6.98880370464199
68 6.95582490639148
69 6.91343874192019
70 6.86763943765440
71 6.81120886478369
72 6.75648161574896
73 6.69437219761105
74 6.63208567696773
75 6.56024250054912
76 6.50921566030141
77 6.44828006685508
78 6.37184328377532
79 6.30663092810537
80 6.25268193854746
81 6.19795325211551
82 6.13063873249562
83 6.07579212031309
84 6.04178228016860
85 6.00427656654175
86 5.97272346370858
87 5.93576023743868
88 5.92634060327565
89 5.90857090858471
90 5.91505439191870
91 5.91790903860889
92 5.93813921920769
93 5.95713608935895
94 5.98359691672122
95 6.02382044498008
96 6.06598133458560
97 6.11423466127859
98 6.15956581555181
99 6.23478926312076
100 6.30651555804570
