PositiveCorrelation
201
0.0 5.59073980022535
1.0 5.5971342664957
2.0 5.66520080267821
3.0 5.68656134386167
4.0 5.69297186187062
5.0 5.73577104314549
6.0 5.75086005996558
7.0 5.78407735758158
8.0 5.79101622470577
9.0 5.78649964979844
10.0 5.80434638631864
11.0 5.7914088710027
12.0 5.81511831930198
13.0 5.78636747442115
14.0 5.79663347026901
15.0 5.75486951374895
16.0 5.7237760751736
17.0 5.73168943199878
18.0 5.72512368148919
19.0 5.68499831288743
20.0 5.66235543223647
21.0 5.62715969626523
22.0 5.60816481142806
23.0 5.57742726051102
24.0 5.55804133173613
25.0 5.55489131995411
26.0 5.50284327219689
27.0 5.46898613009408
28.0 5.43960882799284
29.0 5.46369236866607
30.0 5.44569016049775
31.0 5.42138318434932
32.0 5.42385806860068
33.0 5.38371029172166
34.0 5.38704185256029
35.0 5.40584536799452
36.0 5.42079838307905
37.0 5.44094063072333
38.0 5.41955283829473
39.0 5.45822203051388
40.0 5.4585074368755
41.0 5.47997527250885
42.0 5.50171856980097
43.0 5.51317982405985
44.0 5.52923479860497
45.0 5.56566176006088
46.0 5.59809416267201
47.0 5.59275512260251
48.0 5.64039449911079
49.0 5.64939281100575
50.0 5.65016257959263
51.0 5.65518564205154
52.0 5.66232645533663
53.0 5.64739771771263
54.0 5.62730617453862
55.0 5.59368510409022
56.0 5.61323138002305
57.0 5.53280710561203
58.0 5.51166152643365
59.0 5.48148607093024
60.0 5.39643917987207
61.0 5.34057109102013
62.0 5.2700296654468
63.0 5.18923764018472
64.0 5.0457110667569
65.0 4.96591399961631
66.0 4.88561143439137
67.0 4.78238093571641
68.0 4.65984276554601
69.0 4.52859110094343
70.0 4.42448929703757
71.0 4.32119284759309
72.0 4.18841197956119
73.0 4.07382147108416
74.0 3.95376572904135
75.0 3.8256632861103
76.0 3.706157129598
77.0 3.59698713752531
78.0 3.50049584870323
79.0 3.41819524706024
80.0 3.31129302738823
81.0 3.255492936282
82.0 3.20618631464547
83.0 3.11243246581392
84.0 3.05543987505584
85.0 3.01760090458969
86.0 3.00783369288992
87.0 2.98203763131565
88.0 2.98947683150387
89.0 2.96303617995227
90.0 2.99144497527995
91.0 2.99608354462007
92.0 3.02380017859546
93.0 3.05028596637511
94.0 3.11702798267401
95.0 3.16853180579785
96.0 3.21858059772162
97.0 3.30087510122596
98.0 3.34281402497235
99.0 3.39623008401336
100.0 3.45215069772776
101.0 3.51565785633877
102.0 3.58201091339429
103.0 3.6350705846583
104.0 3.62771448238191
105.0 3.68796929449062
106.0 3.76077104257357
107.0 3.80276203435862
108.0 3.80022426437297
109.0 3.82336925287112
110.0 3.81060958924912
111.0 3.81180698464359
112.0 3.82280532396876
113.0 3.78710583346607
114.0 3.76059378548407
115.0 3.70631239571415
116.0 3.68049647893154
117.0 3.61073229950306
118.0 3.56031088930709
119.0 3.48436514898893
120.0 3.4076614181344
121.0 3.34961291260958
122.0 3.24767112446538
123.0 3.20111589882765
124.0 3.12466282661077
125.0 3.02381359337205
126.0 2.95053337160745
127.0 2.87954113596769
128.0 2.826512778213
129.0 2.77868810124966
130.0 2.72972286278917
131.0 2.67834004860085
132.0 2.63156701792036
133.0 2.65103514183421
134.0 2.64089101141019
135.0 2.65997506901669
136.0 2.67523751009591
137.0 2.68351352752294
138.0 2.74056650436772
139.0 2.80084040691679
140.0 2.85590920216134
141.0 2.96086024916865
142.0 3.06477438174249
143.0 3.18049129395091
144.0 3.29039587447467
145.0 3.39873639796013
146.0 3.56503271020654
147.0 3.71401472062706
148.0 3.86684258074569
149.0 3.99760209955685
150.0 4.17818435464894
151.0 4.35149456777624
152.0 4.53097547431976
153.0 4.67103375200777
154.0 4.85308087139963
155.0 5.04823303157794
156.0 5.18663073665247
157.0 5.33541896099767
158.0 5.49164096510077
159.0 5.62891368561974
160.0 5.76031324779744
161.0 5.87590914451729
162.0 5.98264832332124
163.0 6.12224058545332
164.0 6.20381124549063
165.0 6.28263454156157
166.0 6.36712419941486
167.0 6.43206310820005
168.0 6.49071028704279
169.0 6.53583162987923
170.0 6.55133432026687
171.0 6.57400195239209
172.0 6.59368201596398
173.0 6.59549207821811
174.0 6.61522854920069
175.0 6.58499477868821
176.0 6.58115668671461
177.0 6.54821580074321
178.0 6.50842476452047
179.0 6.51822115252708
180.0 6.50643208034316
181.0 6.45253812683885
182.0 6.42997252018434
183.0 6.40142846269892
184.0 6.3650508893965
185.0 6.31090630091638
186.0 6.30992497365882
187.0 6.28739591596603
188.0 6.26019603507481
189.0 6.23854627699814
190.0 6.22664878812045
191.0 6.20117056424007
192.0 6.20517703823501
193.0 6.22730347091208
194.0 6.2029789687518
195.0 6.22458153020797
196.0 6.2191261090054
197.0 6.24255355941817
198.0 6.25726356545367
199.0 6.26841046677175
200.0 6.29157245146896
