PositiveCorrelation
101
0 5.59073980022535
1 5.59713426649570
2 5.66520080267821
3 5.68656134386167
4 5.69297186187062
5 5.73577104314549
6 5.75086005996558
7 5.78407735758158
8 5.79101622470577
9 5.78649964979844
10 5.80434638631864
11 5.79140887100270
12 5.81511831930198
13 5.78636747442115
14 5.79663347026901
15 5.75486951374895
16 5.72377607517360
17 5.73168943199878
18 5.72512368148919
19 5.68499831288743
20 5.66235543223647
21 5.62715969626523
22 5.60816481142806
23 5.57742726051102
24 5.55804133173613
25 5.55489131995411
26 5.50284327219689
27 5.46898613009408
28 5.43960882799284
29 5.46369236866607
30 5.44569016049775
31 5.42138318434932
32 5.42385806860068
33 5.38371029172166
34 5.38704185256029
35 5.40584536799452
36 5.42079838307905
37 5.44094063072333
38 5.41955283829473
39 5.45822203051388
40 5.45850743687550
41 5.47997527250885
42 5.50171856980097
43 5.51317982405985
44 5.52923479860497
45 5.56566176006088
46 5.59809416267201
47 5.59275512260251
48 5.64039449911079
49 5.64939281100575
50 5.65016257959263
51 5.65518564205154
52 5.66232645533663
53 5.64739771771263
54 5.62730617453862
55 5.59368510409022
56 5.61323138002305
57 5.53280710561203
58 5.51166152643365
59 5.48148607093024
60 5.39643917987207
61 5.34057109102013
62 5.27002966544680
63 5.18923764018472
64 5.04571106675690
65 4.96591399961631
66 4.88561143439137
67 4.78238093571641
68 4.65984276554601
69 4.52859110094343
70 4.42448929703757
71 4.32119284759309
72 4.18841197956119
73 4.07382147108416
74 3.95376572904135
75 3.82566328611030
76 3.70615712959800
77 3.59698713752531
78 3.50049584870323
79 3.41819524706024
80 3.31129302738823
81 3.25549293628200
82 3.20618631464547
83 3.11243246581392
84 3.05543987505584
85 3.01760090458969
86 3.00783369288992
87 2.98203763131565
88 2.98947683150387
89 2.96303617995227
90 2.99144497527995
91 2.99608354462007
92 3.02380017859546
93 3.05028596637511
94 3.11702798267401
95 3.16853180579785
96 3.21858059772162
97 3.30087510122596
98 3.34281402497235
99 3.39623008401336
100 3.45215069772776
