RoboticsX
101
0 3.38783495382968
1 3.50202351343631
2 3.55296176080762
3 3.57364305552493
4 3.61779700118284
5 3.63062426540529
6 3.68127612505450
7 3.77986189126945
8 3.88492298092595
9 3.91972880525232
10 3.93993095066213
11 4.13929418063459
12 4.18466130725676
13 4.18777885762720
14 4.22929017735058
15 4.34328186191501
16 4.43015896445120
17 4.43205819778823
18 4.52830052393227
19 4.49758026546518
20 4.57779524395267
21 4.69465608430326
22 4.67479905741941
23 4.72492748881929
24 4.73753547092306
25 4.77853437604883
26 4.83238718133973
27 4.87205843300484
28 4.71182725286131
29 4.73652582107006
30 4.77373965515911
31 4.80629601022489
32 4.73846388459580
33 4.72983421765644
34 4.71520720435711
35 4.64503421439481
36 4.65888578681532
37 4.62544715969638
38 4.65011258608585
39 4.60496017172597
40 4.61026403910085
41 4.59551811228641
42 4.63705573791850
43 4.60264492082302
44 4.64283858043950
45 4.68430372967679
46 4.67433458658378
47 4.61353431349852
48 4.66031692100023
49 4.71510106041693
50 4.75671931071903
51 4.80866004864950
52 4.90864875339946
53 4.93477880157250
54 5.00377195467703
55 5.13279052486277
56 5.17853126386218
57 5.25328287681316
58 5.40903661400838
59 5.44858773251584
60 5.53063688038633
61 5.68946006721150
62 5.76187820112163
63 5.85520304316904
64 5.96216690008347
65 6.10237144087142
66 6.14184499480358
67 6.14184537620423
68 6.30683593693718
69 6.32748508269996
70 6.41830466331278
71 6.42651284732931
72 6.47531131726500
73 6.39313435568797
74 6.47104007375872
75 6.42961265887164
76 6.45908261200563
77 6.40527345867640
78 6.44999787317863
79 6.35174151744937
80 6.26882961513749
81 6.22781861900269
82 6.13204707061856
83 6.08300601655698
84 5.94099149355701
85 5.83075466417162
86 5.77771996034982
87 5.66173609172662
88 5.55647767322463
89 5.42183781505409
90 5.27316909969811
91 5.17399182986692
92 5.04096170470554
93 4.96051095896103
94 4.85373539390894
95 4.79460837584314
96 4.65682556832317
97 4.63826926873607
98 4.57260029274589
99 4.49437455692666
100 4.46759811877992
