SafeAndCare
101
0 7.26787035403197
1 7.18443322730314
2 7.10975689310246
3 7.07354831168950
4 7.09780487777971
5 7.04547829024409
6 7.05048369684975
7 7.02583251816337
8 7.07128369353585
9 6.99967183684849
10 7.05445557300905
11 7.09461452161976
12 7.09365664396808
13 7.06739816697053
14 7.15737588951360
15 7.20129571746078
16 7.24356163138695
17 7.30055338812294
18 7.34263873097927
19 7.38603275650194
20 7.47525622590238
21 7.46751079755818
22 7.54057152873543
23 7.52624320157328
24 7.61852231165207
25 7.62145450752636
26 7.62350530289823
27 7.62919378127553
28 7.60439652042626
29 7.59901438874371
30 7.67192014488859
31 7.55917439546379
32 7.48727842396100
33 7.46489496907579
34 7.45182156752930
35 7.46465830390315
36 7.30163267980900
37 7.36064401955571
38 7.23359891663086
39 7.12662715609232
40 6.98676935450107
41 6.93042441333657
42 6.89896218260451
43 6.84832205840034
44 6.67955574159605
45 6.70342587389466
46 6.59439757572348
47 6.56320140273107
48 6.55021740407058
49 6.51306238495504
50 6.40396014404436
51 6.29664688643154
52 6.23371718931420
53 6.28371639064819
54 6.29652035791690
55 6.19652644605114
56 6.15917164366896
57 6.23462209747569
58 6.25971023884651
59 6.31965554116712
60 6.32579713451179
61 6.31890937531368
62 6.42233564177108
63 6.37989972082216
64 6.44566291747733
65 6.49153225540584
66 6.57434000596480
67 6.72055847317965
68 6.65654963207026
69 6.74022602205928
70 6.84925386804729
71 6.90266488779267
72 6.78307441724240
73 6.86479450286786
74 6.89751926859225
75 6.88040539376215
76 6.94401717665176
77 7.01087865567410
78 6.94354223909284
79 7.01887120375312
80 6.95905254263862
81 6.96880214368921
82 6.96310278862304
83 6.98461949152428
84 6.80503585677948
85 6.86295767726724
86 6.79188998535006
87 6.76568970302726
88 6.71910208148627
89 6.59502113600506
90 6.58992295678234
91 6.57728517933544
92 6.60011052719269
93 6.52110623178932
94 6.51335467685076
95 6.46182372410261
96 6.43183295193385
97 6.33924441890410
98 6.42996703316955
99 6.36101229275300
100 6.36008884640532
