SafeAndCare
201
0.0 7.26787035403197
1.0 7.18443322730314
2.0 7.10975689310246
3.0 7.0735483116895
4.0 7.09780487777971
5.0 7.04547829024409
6.0 7.05048369684975
7.0 7.02583251816337
8.0 7.07128369353585
9.0 6.99967183684849
10.0 7.05445557300905
11.0 7.09461452161976
12.0 7.09365664396808
13.0 7.06739816697053
14.0 7.1573758895136
15.0 7.20129571746078
16.0 7.24356163138695
17.0 7.30055338812294
18.0 7.34263873097927
19.0 7.38603275650194
20.0 7.47525622590238
21.0 7.46751079755818
22.0 7.54057152873543
23.0 7.52624320157328
24.0 7.61852231165207
25.0 7.62145450752636
26.0 7.62350530289823
27.0 7.62919378127553
28.0 7.60439652042626
29.0 7.59901438874371
30.0 7.67192014488859
31.0 7.55917439546379
32.0 7.487278423961
33.0 7.46489496907579
34.0 7.4518215675293
35.0 7.46465830390315
36.0 7.301632679809
37.0 7.36064401955571
38.0 7.23359891663086
39.0 7.12662715609232
40.0 6.98676935450107
41.0 6.93042441333657
42.0 6.89896218260451
43.0 6.84832205840034
44.0 6.67955574159605
45.0 6.70342587389466
46.0 6.59439757572348
47.0 6.56320140273107
48.0 6.55021740407058
49.0 6.51306238495504
50.0 6.40396014404436
51.0 6.29664688643154
52.0 6.2337171893142
53.0 6.28371639064819
54.0 6.2965203579169
55.0 6.19652644605114
56.0 6.15917164366896
57.0 6.23462209747569
58.0 6.25971023884651
59.0 6.31965554116712
60.0 6.32579713451179
61.0 6.31890937531368
62.0 6.42233564177108
63.0 6.37989972082216
64.0 6.44566291747733
65.0 6.49153225540584
66.0 6.5743400059648
67.0 6.72055847317965
68.0 6.65654963207026
69.0 6.74022602205928
70.0 6.84925386804729
71.0 6.90266488779267
72.0 6.7830744172424
73.0 6.86479450286786
74.0 6.89751926859225
75.0 6.88040539376215
76.0 6.94401717665176
77.0 7.0108786556741
78.0 6.94354223909284
79.0 7.01887120375312
80.0 6.95905254263862
81.0 6.96880214368921
82.0 6.96310278862304
83.0 6.98461949152428
84.0 6.80503585677948
85.0 6.86295767726724
86.0 6.79188998535006
87.0 6.76568970302726
88.0 6.71910208148627
89.0 6.59502113600506
90.0 6.58992295678234
91.0 6.57728517933544
92.0 6.60011052719269
93.0 6.52110623178932
94.0 6.51335467685076
95.0 6.46182372410261
96.0 6.43183295193385
97.0 6.3392444189041
98.0 6.42996703316955
99.0 6.361012292753
100.0 6.36008884640532
101.0 6.27885775528666
102.0 6.30373756812541
103.0 6.28901706576774
104.0 6.29140421794381
105.0 6.3296573569162
106.0 6.26028314589124
107.0 6.29532335104854
108.0 6.29453111829018
109.0 6.29055607284925
110.0 6.19273702102832
111.0 6.30753913721604
112.0 6.22071024159765
113.0 6.13621477265522
114.0 6.12649149100378
115.0 6.09617645160484
116.0 6.08075537744718
117.0 6.08724953924284
118.0 5.99325424779387
119.0 6.01745018983167
120.0 5.87140871057042
121.0 5.85511359369053
122.0 5.85292054031725
123.0 5.76500068299916
124.0 5.64277649174774
125.0 5.56938607964129
126.0 5.4815929920335
127.0 5.35935783161594
128.0 5.38273411572691
129.0 5.18286600916492
130.0 5.16977624069151
131.0 4.95483066611051
132.0 5.03373753249554
133.0 4.84701598107466
134.0 4.74301137543133
135.0 4.71584762034643
136.0 4.67052326631525
137.0 4.63191188175195
138.0 4.56454269244822
139.0 4.53831016756777
140.0 4.54969222357048
141.0 4.55099121394273
142.0 4.36810189582013
143.0 4.41859274709747
144.0 4.47680253367235
145.0 4.43439216550373
146.0 4.57105499622927
147.0 4.55456344464063
148.0 4.58079926784716
149.0 4.59140961584003
150.0 4.6837975361389
151.0 4.73051581187902
152.0 4.77052887427343
153.0 4.86865250381675
154.0 4.89835509172286
155.0 4.88193424160357
156.0 4.94726344231106
157.0 5.08529242334504
158.0 5.09705605590992
159.0 5.15133313805062
160.0 5.16850662593601
161.0 5.28136006630795
162.0 5.25253265304381
163.0 5.30487037885105
164.0 5.29384737408713
165.0 5.26746492515376
166.0 5.29247930877994
167.0 5.27160880170529
168.0 5.24639516424368
169.0 5.23325843565024
170.0 5.11866814857933
171.0 5.07565430447684
172.0 5.06076482789129
173.0 4.98542989041721
174.0 4.88933228932594
175.0 4.79764073765956
176.0 4.77177664796675
177.0 4.59245282424213
178.0 4.49666979542303
179.0 4.49527921229709
180.0 4.3032344615871
181.0 4.30985140646168
182.0 4.19783713863088
183.0 4.0978418257028
184.0 4.00025707955245
185.0 3.91077272942255
186.0 3.86603619789043
187.0 3.81065281702267
188.0 3.60902857074298
189.0 3.63758875383845
190.0 3.55344532381535
191.0 3.58622686440266
192.0 3.5072699234096
193.0 3.47871954672272
194.0 3.40486197034981
195.0 3.44071141916634
196.0 3.51199162869504
197.0 3.48170057623375
198.0 3.42117121066985
199.0 3.50580820735327
200.0 3.48198186692635
