SpaceNow
101
0 6.73752302067628
1 6.68628028485933
2 6.52272747075120
3 6.38830225700478
4 6.33743506649889
5 6.23033027216066
6 6.09917812050109
7 5.88615880813931
8 5.81801127763037
9 5.76328627966294
10 5.40806833370998
11 5.34614351988716
12 5.35841053389585
13 5.28487270494540
14 4.96595505230675
15 4.96672869551895
16 4.90969572294092
17 4.71254206913984
18 4.68028879874087
19 4.66331109891611
20 4.54183264821951
21 4.59719466259080
22 4.91061324672432
23 4.75108361329312
24 4.64878434978465
25 4.55228455553376
26 4.56908887588408
27 4.66946506998284
28 4.74195126882767
29 4.74519598580901
30 4.82892808842138
31 4.88395902001308
32 5.03065199635747
33 5.19331558943457
34 5.32662337468040
35 5.11970853209943
36 5.45542270362944
37 5.53043953898614
38 5.63863519994410
39 5.67407455187807
40 5.71946295073480
41 5.93968117781486
42 5.76969040445223
43 5.83385553707331
44 6.04357451096012
45 6.01294492847385
46 6.00195651019215
47 6.05551336122958
48 6.03269053224676
49 6.02332870876261
50 6.16117988052472
51 6.22321326552638
52 6.02782532277878
53 5.98604053075387
54 6.03352192823383
55 6.11183146873960
56 5.94685875403557
57 5.87639827864346
58 5.89867616941888
59 5.86439818361640
60 5.69505531142010
61 5.74865729525899
62 5.63438434207410
63 5.49688828625027
64 5.57052893947971
65 5.41666720926986
66 5.51290724477181
67 5.37197819029812
68 5.37921441601915
69 5.33280593276081
70 5.26724557109931
71 5.10104623873091
72 5.22286762015220
73 5.21256412180272
74 5.18191079294113
75 5.16811136813044
76 5.36097959525625
77 5.31889498673118
78 5.19573487682886
79 5.43911129743392
80 5.26813084905578
81 5.47264987893113
82 5.48241930062198
83 5.57912348380110
84 5.65015695020574
85 5.72442430700087
86 5.71908826264710
87 5.67064552183053
88 5.61081121744349
89 5.74018840807128
90 5.79460947063492
91 5.79944112408583
92 5.68403689218241
93 5.80465212693205
94 5.75459413700267
95 5.90726370420121
96 5.77369453574432
97 5.71883842716144
98 5.75838352028243
99 5.77085066881724
100 5.64389303478336
