SuperFuture
101
0 2.27026364028348
1 2.25454379659363
2 2.16898515076938
3 2.31199930478974
4 2.33570671978399
5 1.97108969350414
6 2.49589784564680
7 2.32555008863437
8 2.31935553555769
9 2.33331228513401
10 2.74083796768135
11 2.48691758029866
12 2.57187470895055
13 2.83233943295814
14 2.80926481123729
15 3.07164802785483
16 3.07462127145646
17 3.21035131142897
18 3.56561870884853
19 3.49082460183572
20 3.49970280090727
21 3.60164569243388
22 4.01333702745837
23 4.00073816608652
24 4.48955544414079
25 4.57960058655712
26 4.64699165978075
27 4.75704362777274
28 5.03244121825760
29 5.31863889993074
30 5.52635270536343
31 5.30432156371585
32 6.01479093486585
33 5.68665721889748
34 5.71654765212054
35 6.33426541963805
36 6.38130298107930
37 6.42815522854923
38 6.22115447460294
39 6.61634462644112
40 6.46681970420840
41 6.28752979389199
42 6.46391032630007
43 6.39046075464571
44 6.81024871648880
45 6.87508838497567
46 6.47749632461615
47 6.63705709175949
48 6.72854406633703
49 6.42762575237319
50 6.78979792503085
51 6.40808107268541
52 6.30593955624905
53 6.37003796528268
54 6.41834902947276
55 6.28884358007803
56 6.62398624790652
57 6.36119078453154
58 6.05691493935066
59 6.33731476612203
60 5.97039993731046
61 6.47056351882118
62 5.93161691144856
63 6.03141464335979
64 6.11109001088028
65 5.89907541429533
66 5.82809408603678
67 6.02258433295747
68 5.66117948241076
69 6.10716925651033
70 5.65296714339957
71 5.63198414200528
72 5.80700967682872
73 5.40135106985852
74 5.77273546223258
75 5.61205690636183
76 5.77339369267588
77 5.65742969245670
78 5.80301852068208
79 5.43247848131402
80 5.69608297621239
81 5.49973310522591
82 5.35006901837318
83 5.42305982028962
84 5.17611378933416
85 5.13789767751335
86 5.06995807000964
87 5.11755921360951
88 4.97456029392714
89 4.51195859647957
90 5.06329376463453
91 5.01137640209996
92 4.46917177049663
93 4.62456856860898
94 4.45614349477168
95 4.15590904626578
96 4.07348557037645
97 4.18180118700996
98 3.56744537023284
99 3.88498326702339
100 3.83922753738882
