WaterForce
101
0 2.54223155377929
1 2.60117667565227
2 2.65036280972203
3 2.67720450481993
4 2.65376757641337
5 2.68104170464935
6 2.72977240122620
7 2.72044166019767
8 2.71842043455243
9 2.71305964943852
10 2.72112677689374
11 2.62755816611814
12 2.64405327754290
13 2.61707499075314
14 2.61117179695666
15 2.56847073653183
16 2.51090510473949
17 2.45029106859174
18 2.42388691506749
19 2.44512939483316
20 2.36210139915262
21 2.31581811970497
22 2.28076855724286
23 2.21220301455211
24 2.20166120444002
25 2.21063643918259
26 2.14771813466403
27 2.08415164887543
28 2.10023741831898
29 2.09167044499972
30 2.08800604565738
31 2.07302045833020
32 2.08323124457905
33 2.10681151207836
34 2.11645627116436
35 2.09359800029325
36 2.12831340833029
37 2.09377872420677
38 2.14038778855984
39 2.17158442753422
40 2.21498653229675
41 2.21977958633580
42 2.28934430994601
43 2.30410053336036
44 2.33311442073747
45 2.35700213049090
46 2.43355563681351
47 2.49744173559710
48 2.54452624440597
49 2.59170186229908
50 2.61988588734812
51 2.67528836301871
52 2.70868927465455
53 2.74713477964701
54 2.77551392430065
55 2.83458311096411
56 2.87781301160857
57 2.96618855815581
58 2.97723367905315
59 3.05925676068556
60 3.08498787411130
61 3.17435751238330
62 3.16631159871595
63 3.21059391142100
64 3.31185545790226
65 3.35738611361490
66 3.39424121937658
67 3.45678760872580
68 3.48816995886451
69 3.54519674688630
70 3.54782147231908
71 3.64684394177349
72 3.66276175338370
73 3.78000206947256
74 3.80744967126308
75 3.75672563080521
76 3.81775574524909
77 3.85103588858475
78 3.86106291259069
79 3.90481233856081
80 3.91051246234841
81 3.94285510457556
82 3.96386067982009
83 3.87322822552617
84 3.92130439425134
85 3.85844877370959
86 3.85198430725783
87 3.83677074251306
88 3.76864558116079
89 3.71329651524749
90 3.64176216743021
91 3.60742782419320
92 3.50120632143777
93 3.45279776744939
94 3.37507713283089
95 3.26021712300349
96 3.22166673898825
97 3.11041108177562
98 3.00954546331753
99 2.91401299676428
100 2.83318054295362
