WorldNow
101
0 5.39865039116862
1 5.21758652888604
2 5.22716165172074
3 5.32930975921138
4 5.18434628159028
5 5.17108819043762
6 5.15755485409964
7 5.16647431143535
8 5.08501984527343
9 4.95928688694555
10 5.04561936099233
11 5.05868792737602
12 4.84962125745769
13 5.09261406263495
14 4.99733084559657
15 4.90743628298921
16 4.98426854283349
17 5.12732499654373
18 5.08071047738646
19 5.05814822364940
20 5.06197038659685
21 4.95776512727534
22 5.11752153378968
23 5.21298696730307
24 5.13349842960771
25 5.25859414875676
26 5.21559926519538
27 5.34228044826164
28 5.26752534683632
29 5.41691866322260
30 5.35670607846693
31 5.39042649322757
32 5.50409081823938
33 5.56091375119489
34 5.63229862214940
35 5.61085723690221
36 5.68461804114523
37 5.75192560969571
38 5.86591813279152
39 5.90257266891284
40 5.87681875564591
41 5.99434285174153
42 5.93029308411841
43 6.09959360586807
44 6.07660909717318
45 5.98726820365380
46 5.99739043205705
47 6.04050407632367
48 6.14020310843628
49 6.04046390383554
50 6.14036256633050
51 6.13595399984847
52 6.21157424758897
53 6.08333941607633
54 6.13322166306702
55 6.11734144779483
56 6.24929572344658
57 6.32173600129796
58 6.25029922772332
59 6.28034169878111
60 6.20345972605803
61 6.34396739229632
62 6.23651696694043
63 6.31830928385885
64 6.30658405945918
65 6.36198179116415
66 6.45179198845621
67 6.54301137871914
68 6.43326908540794
69 6.50246885946818
70 6.61598206103807
71 6.65282784317989
72 6.73454043327638
73 6.73308521784821
74 6.80686142221842
75 6.84576252048833
76 7.00559803568660
77 7.01541185899063
78 7.16283748847668
79 7.24019757593191
80 7.28562962516324
81 7.42224276694194
82 7.46791247536567
83 7.57868043509352
84 7.52215791766867
85 7.70121095470188
86 7.72925003795909
87 7.76856458460190
88 7.94756542695913
89 7.85214579750882
90 7.95322208822752
91 8.01360931370500
92 8.03340863198845
93 8.13687200372913
94 8.21994921666710
95 8.21655597472880
96 8.10220579582031
97 8.13932998866826
98 8.25660926021581
99 8.14420982025819
100 8.19220032433210
