BetterTomorrow
201
0.0 4.69360675379514
1.0 4.82651501177198
2.0 4.7004210616777
3.0 4.67750947814757
4.0 4.75781910800773
5.0 4.82126503408696
6.0 4.76906974734114
7.0 4.86954126829823
8.0 4.67837005449451
9.0 4.80721527528478
10.0 4.98463812557394
11.0 4.85717619663184
12.0 4.74493974832793
13.0 4.76896265919603
14.0 4.77242189816211
15.0 4.83942134079313
16.0 4.76313827014699
17.0 4.76660203512018
18.0 4.82255916680041
19.0 4.9643869401495
20.0 4.82496696771725
21.0 4.76578996146358
22.0 4.94634031737569
23.0 4.78121762217815
24.0 4.78066063349153
25.0 4.7068166606168
26.0 4.76914304916059
27.0 4.64138987857858
28.0 4.78262465464067
29.0 4.74025692443086
30.0 4.79443282675496
31.0 4.75998673509064
32.0 4.69437755351864
33.0 4.64617107369174
34.0 4.70517774670938
35.0 4.67307378749006
36.0 4.77619479553918
37.0 4.73578084438311
38.0 4.65650858400925
39.0 4.67558650572597
40.0 4.76403099382199
41.0 4.62013511843481
42.0 4.7958376673623
43.0 4.53877108550344
44.0 4.71566801254446
45.0 4.78935019208024
46.0 4.8433456598785
47.0 4.87214219077307
48.0 4.61532500782297
49.0 4.77989196501318
50.0 4.86086627536184
51.0 4.87685831590711
52.0 4.92888072297047
53.0 4.63917055532542
54.0 4.87027162530745
55.0 4.95079951205626
56.0 4.94497800159786
57.0 4.88460779126088
58.0 4.99337858504659
59.0 4.9906893488317
60.0 4.9747265541055
61.0 5.10970849416417
62.0 5.15641747639955
63.0 5.15162168358122
64.0 5.22039048721469
65.0 5.24198340106797
66.0 5.16455234602776
67.0 5.30572994723717
68.0 5.27998589837557
69.0 5.36806276629397
70.0 5.39476142168584
71.0 5.38548709529053
72.0 5.40337823921192
73.0 5.29309285541631
74.0 5.43012203944061
75.0 5.48223698600807
76.0 5.49606235242068
77.0 5.50121087999303
78.0 5.44442897604028
79.0 5.49587653190775
80.0 5.50542353046745
81.0 5.50173584913484
82.0 5.61871761180221
83.0 5.70540692679005
84.0 5.41749338978739
85.0 5.52393772362741
86.0 5.5660728093453
87.0 5.71867089398251
88.0 5.47561878046208
89.0 5.5140674787008
90.0 5.65284257242119
91.0 5.76039548757268
92.0 5.54612162410734
93.0 5.70515401503222
94.0 5.80465609031007
95.0 5.6836660037544
96.0 5.71471732990617
97.0 5.75268109745622
98.0 5.75134290169857
99.0 5.57785059104445
100.0 5.50674692457086
101.0 5.45684231818895
102.0 5.63917865879433
103.0 5.66338115017548
104.0 5.59310869564785
105.0 5.6089938413179
106.0 5.64227620171372
107.0 5.67589140961876
108.0 5.65656560196482
109.0 5.54199932609429
110.0 5.76670029265304
111.0 5.63701082478108
112.0 5.66428604018018
113.0 5.60273983874638
114.0 5.61428927716128
115.0 5.60247332398402
116.0 5.66618286443679
117.0 5.66261153792255
118.0 5.75490419270812
119.0 5.62941630401502
120.0 5.72908979927283
121.0 5.63578122142386
122.0 5.7189141842099
123.0 5.74985617920415
124.0 5.87344539537345
125.0 5.74293192508337
126.0 5.82477334418527
127.0 5.91812524967196
128.0 5.81633193355299
129.0 5.81595993496616
130.0 5.8807181972911
131.0 5.93648296885237
132.0 5.96916171989761
133.0 5.96975986998889
134.0 6.10689149639556
135.0 6.13199231373164
136.0 6.15016268995268
137.0 5.9966762995698
138.0 6.0447555645381
139.0 5.97903516044039
140.0 6.32744987937488
141.0 6.31102329011697
142.0 6.35350683696119
143.0 6.26175601525678
144.0 6.34926283452517
145.0 6.27776921133944
146.0 6.3641095177321
147.0 6.52933361508631
148.0 6.49939996108374
149.0 6.60554568456234
150.0 6.49406043858383
151.0 6.66143246996225
152.0 6.63197971758949
153.0 6.55530512142197
154.0 6.6326164567011
155.0 6.57279128463535
156.0 6.63889298738011
157.0 6.70635206062496
158.0 6.85088758200004
159.0 6.822066135674
160.0 6.85372839926954
161.0 7.0241646389029
162.0 6.95823261727023
163.0 6.98674350515931
164.0 6.92471692294827
165.0 7.03300295675493
166.0 7.16869572667922
167.0 7.0702417225593
168.0 7.09324877392631
169.0 7.13570461894859
170.0 7.13652514230438
171.0 7.03979626631065
172.0 7.18777717543744
173.0 7.06171858056737
174.0 7.0978884748558
175.0 7.26183111026703
176.0 7.16950236370565
177.0 7.10248510605018
178.0 7.17599687548319
179.0 7.20856769008157
180.0 7.12208116164171
181.0 7.252607278194
182.0 7.34071945972571
183.0 7.0354827097193
184.0 7.16080320860321
185.0 7.01613506876634
186.0 7.1245458303607
187.0 7.00223640573018
188.0 7.10541337015208
189.0 7.18909191531695
190.0 7.19575983603643
191.0 7.0110151786455
192.0 7.09212170831786
193.0 7.15251712038158
194.0 6.98322979896219
195.0 6.86768576836833
196.0 6.91947237573125
197.0 6.99299748327025
198.0 6.91820782945023
199.0 6.80321266781461
200.0 6.66391114866472
