CPU-XYZ
201
0.0 8.8708236480911
1.0 8.6252676444739
2.0 8.58964244405253
3.0 8.73725822194833
4.0 8.77347656097902
5.0 8.41378690448
6.0 8.50312007540384
7.0 8.56644352010549
8.0 8.48989461197856
9.0 8.29857802941759
10.0 8.08076322227243
11.0 8.14341967446641
12.0 8.18758670818713
13.0 7.91956650540888
14.0 8.06314893541729
15.0 7.87283590889228
16.0 7.88620906329945
17.0 7.72242485461496
18.0 7.48840640795312
19.0 7.21270421770973
20.0 7.25726292071459
21.0 7.00285832832683
22.0 6.9280933412783
23.0 6.7508562004427
24.0 6.72439527673049
25.0 6.56272050033181
26.0 6.43681798821813
27.0 6.2028054122023
28.0 6.18609667074544
29.0 5.93909902130592
30.0 6.03921574228463
31.0 5.94577868032758
32.0 5.87582044654729
33.0 5.62310342133009
34.0 5.5351627619374
35.0 5.75513629959062
36.0 5.70142400200158
37.0 5.11503146646884
38.0 5.29635440568372
39.0 5.21640374425659
40.0 5.29534749896792
41.0 5.27259891114988
42.0 4.91841856391187
43.0 5.08803298607435
44.0 5.04018707734413
45.0 4.94994007604636
46.0 4.98060894387983
47.0 4.96781447662573
48.0 5.30385945010047
49.0 5.20928215389429
50.0 5.18972586856174
51.0 5.17255172592449
52.0 5.30587933418864
53.0 5.3612235556484
54.0 5.03364130231322
55.0 5.36410505985562
56.0 5.42917667519349
57.0 5.53018819406021
58.0 5.60371257853173
59.0 5.65560097048948
60.0 5.60120279177991
61.0 5.61953784040193
62.0 5.83927540150669
63.0 5.94478538603515
64.0 6.00325268449012
65.0 5.97622216796263
66.0 5.85232132133993
67.0 6.25321287455546
68.0 6.17253130461154
69.0 6.40527501254951
70.0 6.60028963558837
71.0 6.5038031617455
72.0 6.68151171009916
73.0 6.65838505782016
74.0 6.80455764402191
75.0 6.84868069201165
76.0 7.15772568274399
77.0 7.25271791781113
78.0 7.20910233683128
79.0 7.11375940882425
80.0 7.35326573887261
81.0 7.46717024395476
82.0 7.43116940613846
83.0 7.39733607422915
84.0 7.46816406186624
85.0 7.54426186442189
86.0 7.65406770479782
87.0 7.68213120101108
88.0 7.91238009898298
89.0 7.84052953217263
90.0 7.8820135910601
91.0 7.95127646901696
92.0 8.04949983997949
93.0 8.16900154290119
94.0 7.96151104928044
95.0 8.00151734251224
96.0 8.16310998873007
97.0 8.29210811882175
98.0 8.0901612906743
99.0 8.40331403045891
100.0 8.12448042523403
101.0 8.37854541253005
102.0 8.32486392771674
103.0 8.18737715694117
104.0 8.36662847348721
105.0 8.33635093364675
106.0 8.25219451409571
107.0 8.38591494236175
108.0 8.46233085901613
109.0 8.5021621391044
110.0 8.33665074228395
111.0 8.27042830339759
112.0 8.54476603085311
113.0 8.5005341379433
114.0 8.49959504303263
115.0 8.4283744882945
116.0 8.21146783939562
117.0 8.46829646704709
118.0 8.50396409827306
119.0 8.21512392072076
120.0 8.53761671722565
121.0 8.27726336676814
122.0 8.28183923128704
123.0 8.15335014979663
124.0 8.24996970240796
125.0 8.10879395471494
126.0 8.12608698496184
127.0 8.14849450200547
128.0 8.04103143755913
129.0 8.04053022441241
130.0 7.99440613438363
131.0 8.0837000719262
132.0 7.70728989398951
133.0 7.59378277684809
134.0 7.59117545941933
135.0 7.71750574269346
136.0 7.6543654223685
137.0 7.65065406104413
138.0 7.53423311123343
139.0 7.29593225672352
140.0 7.31064994145535
141.0 7.27643853539377
142.0 7.27988626446665
143.0 7.11433890595324
144.0 7.15246373215356
145.0 6.89936837259703
146.0 6.89410796449227
147.0 6.99479640759315
148.0 6.67608907497169
149.0 6.82052445571854
150.0 6.63059330832667
151.0 6.64369029671346
152.0 6.63013301205579
153.0 6.54290256602541
154.0 6.41916849106155
155.0 6.32774742316554
156.0 6.33204220124232
157.0 6.20927210236411
158.0 6.1035922173091
159.0 6.15710849408826
160.0 6.20743667235672
161.0 5.95450814042932
162.0 5.77641257935102
163.0 5.72835292689905
164.0 5.92959000670963
165.0 5.73825632250372
166.0 5.62371118854994
167.0 5.77455423733311
168.0 5.73234040422718
169.0 5.61259057052094
170.0 5.58861795657008
171.0 5.66797518598139
172.0 5.5993707014991
173.0 5.60702826493358
174.0 5.49009945196541
175.0 5.56869722054827
176.0 5.5274511171146
177.0 5.59260523364846
178.0 5.58051601224383
179.0 5.35234216233459
180.0 5.62199066398648
181.0 5.3904205883179
182.0 5.49985962436296
183.0 5.46650677368114
184.0 5.45557503093345
185.0 5.49748736267726
186.0 5.55397709083934
187.0 5.43316559043436
188.0 5.34021093221434
189.0 5.58493534765121
190.0 5.49224024297884
191.0 5.32095269980361
192.0 5.71984105790049
193.0 5.37125205384308
194.0 5.39823962254793
195.0 5.64192009482169
196.0 5.6330012494786
197.0 5.67768198036495
198.0 5.93791939033269
199.0 5.73390237101515
200.0 5.79269981899313
