Lasers
201
0.0 7.86029362488676
1.0 8.13858203131475
2.0 8.25343830901087
3.0 8.1493838716843
4.0 7.91899879082447
5.0 7.98526133345441
6.0 7.91850632370693
7.0 8.17766895174347
8.0 7.8283962165397
9.0 8.13831266581343
10.0 7.97508569718562
11.0 7.93093076448619
12.0 8.00792302194956
13.0 7.90602032307522
14.0 7.90557032666435
15.0 8.1224117421858
16.0 8.02560502760757
17.0 7.78742618569464
18.0 7.90347892973342
19.0 8.06846815818368
20.0 8.01873211601304
21.0 7.72988920303617
22.0 8.27974746005731
23.0 7.85647875145926
24.0 7.87480407285727
25.0 7.82735300084441
26.0 7.83664306285959
27.0 7.83580025179788
28.0 7.98931436707628
29.0 7.77303381940347
30.0 7.89461368556608
31.0 7.57512019695228
32.0 7.65240294921636
33.0 7.46559920843055
34.0 7.91744090635815
35.0 7.87697740862052
36.0 7.6431432249433
37.0 7.27975109790739
38.0 7.79708462295861
39.0 7.38087105805566
40.0 7.39501768541833
41.0 7.44187334550777
42.0 7.25086730454762
43.0 7.18331807317149
44.0 7.27141383046287
45.0 7.3631824490506
46.0 7.43875649306538
47.0 7.60564634424292
48.0 7.55709830838051
49.0 7.82103240829592
50.0 7.28072042306145
51.0 7.41849291942009
52.0 7.12466474227099
53.0 7.64744907483438
54.0 7.30052142630824
55.0 7.20472907656965
56.0 7.4974217840411
57.0 6.99233660070108
58.0 7.21695108785891
59.0 7.3297607739044
60.0 7.38991472842458
61.0 6.90825478468589
62.0 7.17875029686965
63.0 6.95469378125194
64.0 7.11570272513074
65.0 7.07950276154823
66.0 6.99887765257105
67.0 7.12174536638251
68.0 7.22457547677064
69.0 6.86080214842297
70.0 7.08774359185531
71.0 7.12653170453268
72.0 6.87492521039327
73.0 6.45994949585634
74.0 6.63260277651027
75.0 6.85412751878874
76.0 6.60201237966658
77.0 6.62311621389663
78.0 6.81452003444303
79.0 6.75971896907678
80.0 6.51242362675772
81.0 6.41560482298376
82.0 6.47171493030495
83.0 6.68568737652508
84.0 6.26922258462798
85.0 6.45859387005275
86.0 6.42199104443545
87.0 6.42692757584
88.0 6.35256878579961
89.0 6.33844529782546
90.0 6.42533100535029
91.0 6.00255499165875
92.0 6.02165317895309
93.0 6.28710677637216
94.0 6.43771038481965
95.0 6.09454823105295
96.0 5.88883550588109
97.0 5.92605551890225
98.0 6.1580472797861
99.0 6.04873082599031
100.0 6.12227659052957
101.0 6.36845233270715
102.0 6.36688650980628
103.0 6.23812620913454
104.0 6.36956920394014
105.0 6.32961448674962
106.0 6.30441058038756
107.0 6.75769804364496
108.0 6.20980979243913
109.0 6.24535385158375
110.0 6.4457346424747
111.0 6.35842850600053
112.0 6.60827070074811
113.0 7.07742640087141
114.0 6.91431785149866
115.0 6.96339838565187
116.0 6.89253741485577
117.0 6.61132301857321
118.0 6.58377749034644
119.0 7.17361320833579
120.0 6.94490533820922
121.0 6.99940207130381
122.0 7.1135326611773
123.0 6.91257459548104
124.0 7.122335448857
125.0 7.06168644228652
126.0 7.41651724179622
127.0 7.54033995276254
128.0 7.63709314401722
129.0 7.34236034271075
130.0 7.31455564762474
131.0 7.77232810392734
132.0 7.62244342273124
133.0 7.55958038896741
134.0 7.65710423059877
135.0 7.50360208752302
136.0 7.65731345324342
137.0 8.0955414922089
138.0 7.96223068136003
139.0 7.67785225443742
140.0 7.78731342598846
141.0 7.69009377888227
142.0 7.7627543652564
143.0 7.8582672124112
144.0 7.80310479244051
145.0 8.12707579356542
146.0 7.90811031458788
147.0 7.93699411384748
148.0 7.86461035974409
149.0 8.06193284507643
150.0 7.84838928392762
151.0 7.99897763969985
152.0 8.55801879737623
153.0 8.25857432108132
154.0 8.39987957277784
155.0 8.40341546096319
156.0 8.20344280277371
157.0 8.34834007347377
158.0 8.43963482348205
159.0 8.33723752633358
160.0 8.61593663399651
161.0 8.49314947592839
162.0 8.69038905319968
163.0 8.85694326534889
164.0 8.87346096743328
165.0 8.84615301675672
166.0 8.58881809399055
167.0 8.52898080394572
168.0 8.79436195341014
169.0 8.8404783590823
170.0 8.8758795446464
171.0 8.54019969935978
172.0 9.02677385448145
173.0 8.97108004809937
174.0 8.57630216276546
175.0 8.74074168773822
176.0 8.62825558357014
177.0 8.49639257637847
178.0 8.63827745565955
179.0 8.53700360117868
180.0 8.61552754718239
181.0 8.65892355416496
182.0 8.7612562690555
183.0 8.38847394034939
184.0 8.44024358465791
185.0 8.22049042023391
186.0 8.79070012441328
187.0 8.17116179768566
188.0 8.26793003708799
189.0 8.33565993464232
190.0 8.15769650264416
191.0 8.06039434851937
192.0 7.62177631752902
193.0 8.09041932774597
194.0 7.91015750511272
195.0 7.68504146539412
196.0 8.10995092849127
197.0 7.88841983560875
198.0 8.1697936345673
199.0 7.68604972794815
200.0 8.07480030009659
