MarsProject
201
0.0 3.14433657081139
1.0 3.12504988611425
2.0 3.06761452636905
3.0 3.35698524931493
4.0 3.3402383175712
5.0 3.6187450805271
6.0 3.76295007998785
7.0 3.59788369457515
8.0 3.58358725201966
9.0 3.6847013901549
10.0 3.7130073230256
11.0 3.77788329199705
12.0 3.87966328388284
13.0 3.57217253254738
14.0 3.52760408948486
15.0 3.50696439032313
16.0 3.87164506254353
17.0 3.77563245590165
18.0 4.03918309551991
19.0 3.5922385211166
20.0 3.54516353155483
21.0 3.72847746641827
22.0 3.74564212427848
23.0 3.70767637695015
24.0 3.69905615965423
25.0 3.39963100115161
26.0 3.61569660095361
27.0 3.50980867400666
28.0 3.74639548915731
29.0 3.1831007991896
30.0 3.26171401611293
31.0 3.58989118331777
32.0 3.43426512061129
33.0 3.63471011642817
34.0 3.24844761139679
35.0 3.42220680625647
36.0 3.0149267060825
37.0 3.18771415253268
38.0 3.49045084418483
39.0 3.47247751569854
40.0 3.13761871967102
41.0 2.95342976925449
42.0 3.17233187000585
43.0 3.21339938864722
44.0 3.39778970416769
45.0 3.33912443132039
46.0 2.65595134365223
47.0 3.08568865895146
48.0 3.30999603497669
49.0 3.0425570046316
50.0 3.15083245263605
51.0 3.24365962444036
52.0 3.42936710635785
53.0 3.16311978485105
54.0 3.48238857786913
55.0 3.14668724899128
56.0 3.50246874717646
57.0 3.2489533887881
58.0 3.238810529594
59.0 3.39840619320792
60.0 3.42402995690266
61.0 3.3867399061233
62.0 3.38549975869169
63.0 3.36980704673688
64.0 3.60858662678598
65.0 3.47606523574602
66.0 3.58268000429265
67.0 3.59528582108679
68.0 3.94442458622205
69.0 3.79557069990364
70.0 3.68454642545933
71.0 3.54638806097652
72.0 3.79635785004801
73.0 3.66604239586597
74.0 3.74628981665236
75.0 3.86999616326519
76.0 3.89329898607024
77.0 3.75311495532771
78.0 4.08934838479276
79.0 3.60292440783749
80.0 4.05902656041818
81.0 4.06077280449954
82.0 4.20323839059952
83.0 4.00975228826284
84.0 3.85302779812814
85.0 3.97294139861943
86.0 3.89952945579553
87.0 3.9066834363689
88.0 3.89942507184075
89.0 3.64674232712804
90.0 3.99496715849314
91.0 3.57586533037626
92.0 3.51065895668874
93.0 3.38967889304216
94.0 3.51044525101926
95.0 3.55523850171977
96.0 3.60128551002722
97.0 3.57866772203929
98.0 3.82420314917942
99.0 3.80511258911682
100.0 3.40767921297809
101.0 3.7147407331188
102.0 3.44198088548775
103.0 3.76027304524631
104.0 3.40870545692147
105.0 3.44276919847166
106.0 3.33197116031259
107.0 3.5121341779927
108.0 3.27345627871008
109.0 3.46996018670083
110.0 3.70590506033084
111.0 3.69958131790843
112.0 3.54301502045791
113.0 3.48689458551646
114.0 3.28648127862363
115.0 3.47096719009215
116.0 3.73282345208974
117.0 3.51764001662383
118.0 3.44838444118733
119.0 3.473749033003
120.0 3.63150440026528
121.0 3.69004785722577
122.0 3.82194121812909
123.0 3.39551304472546
124.0 3.7677426709331
125.0 3.76871012769734
126.0 3.99575221773022
127.0 3.68570159392035
128.0 3.9864151618425
129.0 3.87113985107372
130.0 3.95411218606399
131.0 3.9751567303902
132.0 4.0193915001741
133.0 4.22516665840262
134.0 4.05477941476332
135.0 3.93878091362376
136.0 4.30339205353916
137.0 4.47265244208087
138.0 4.19230316399772
139.0 4.20667482368138
140.0 4.49827786854908
141.0 4.5733084804235
142.0 4.66544459940462
143.0 4.96303210573843
144.0 4.67936032280978
145.0 4.89287208191488
146.0 4.73833186643775
147.0 4.83956735821779
148.0 4.8599353584725
149.0 4.98469017701942
150.0 4.56517030842474
151.0 4.63537778090903
152.0 4.66806737635077
153.0 4.65328925017089
154.0 4.73980758390206
155.0 4.98289206969409
156.0 4.74399211412716
157.0 4.72704388189363
158.0 4.94660597126421
159.0 4.54509486917846
160.0 4.39663989934425
161.0 4.65650191109874
162.0 4.31060984195806
163.0 4.34116960847556
164.0 4.76831982140102
165.0 4.55442429512249
166.0 4.43672074576083
167.0 4.60079331331587
168.0 4.43868792154653
169.0 4.48738247097847
170.0 4.30332754308229
171.0 4.11623756442734
172.0 4.37844822596546
173.0 4.16338321150667
174.0 4.16133167658812
175.0 4.02618431984779
176.0 4.25901567994637
177.0 3.74884367312376
178.0 3.75778618924868
179.0 3.76693682593941
180.0 3.52617840527881
181.0 3.65784694086365
182.0 3.6632318707084
183.0 3.54751906702652
184.0 3.73417540574984
185.0 3.88236367712719
186.0 3.5768854590207
187.0 3.73140934808675
188.0 3.01982617258867
189.0 3.4737718064154
190.0 3.54202495234506
191.0 3.49552157982519
192.0 3.44721170817354
193.0 3.48893797747328
194.0 3.81262899635047
195.0 3.50060634762329
196.0 3.39424119598693
197.0 3.07961186067121
198.0 3.51846369563945
199.0 3.5342090251241
200.0 3.59920209322974
