Moneymakers
201
0.0 2.29488235232101
1.0 2.34317131672146
2.0 2.4016395486399
3.0 2.45887196749482
4.0 2.38015917362647
5.0 2.52278269832937
6.0 2.41854442411051
7.0 2.60959614420237
8.0 2.58974151274395
9.0 2.6971886799995
10.0 2.83031974655823
11.0 2.96114260502326
12.0 2.84837968695353
13.0 2.91878306060834
14.0 3.00275083784695
15.0 2.97091395046573
16.0 3.28636889187071
17.0 3.21667335489258
18.0 3.3086976070132
19.0 3.30690848596679
20.0 3.25375579768956
21.0 3.4902182821749
22.0 3.56941894069317
23.0 3.44703375169392
24.0 3.77337543370224
25.0 3.69786682582014
26.0 3.52678745541531
27.0 3.63012311964937
28.0 3.64579844128534
29.0 3.63092170887795
30.0 3.63527523502706
31.0 3.71143155554472
32.0 3.50817685006909
33.0 3.66063026983002
34.0 3.55237731357467
35.0 3.63889355237136
36.0 3.65825113337651
37.0 3.66925500291559
38.0 3.46725752850057
39.0 3.41535332108315
40.0 3.32482603052674
41.0 3.46433703314458
42.0 3.26202991770216
43.0 3.28289658668149
44.0 3.19205274600961
45.0 3.10038365165134
46.0 3.05969988579073
47.0 3.0984575633436
48.0 3.11972054619078
49.0 3.15151990494426
50.0 3.04493969579039
51.0 3.11508360838945
52.0 2.93326175040258
53.0 2.94644457160962
54.0 3.10710129255654
55.0 3.09410615053688
56.0 3.10720636852423
57.0 3.0186836093921
58.0 3.04553505225125
59.0 3.20085754595816
60.0 3.11503532864948
61.0 3.07485157480678
62.0 3.26955800111829
63.0 3.30528438068546
64.0 3.55698583751122
65.0 3.41072421646588
66.0 3.46784155822753
67.0 3.66405627056184
68.0 3.74766650841427
69.0 3.84741202402487
70.0 3.82310704474273
71.0 3.95156000084968
72.0 4.18288169218075
73.0 4.26191086950334
74.0 4.39085922151681
75.0 4.34711388869755
76.0 4.534923055093
77.0 4.46211671313302
78.0 4.64017373757886
79.0 4.65015447282047
80.0 4.86309408795682
81.0 4.71374484855364
82.0 4.75995804171996
83.0 4.69575799339904
84.0 4.7586362813805
85.0 4.83035950295939
86.0 4.83131726439872
87.0 4.71510101382248
88.0 4.7633432270704
89.0 4.74976690984634
90.0 4.5568083736711
91.0 4.59242815974985
92.0 4.58210107737982
93.0 4.55771293290004
94.0 4.43687286486389
95.0 4.59752599877489
96.0 4.40352715443989
97.0 4.43293472255939
98.0 4.22574408778786
99.0 4.00353502674089
100.0 4.10051413424314
101.0 4.09684883849832
102.0 4.01163579318959
103.0 3.97539670878234
104.0 3.68278789637023
105.0 3.63263032574024
106.0 3.61705125785997
107.0 3.42607896452104
108.0 3.26491864903812
109.0 3.39234654670722
110.0 3.30547584403304
111.0 3.18032264283116
112.0 3.27052068676174
113.0 3.25358550259662
114.0 3.26492465861813
115.0 3.23436713395325
116.0 3.1640589067714
117.0 3.16249005623889
118.0 3.14367306336701
119.0 3.23924449297065
120.0 3.25643487653491
121.0 3.31971659749823
122.0 3.30272542297055
123.0 3.35129018344116
124.0 3.34358822238435
125.0 3.58268529396297
126.0 3.49759646849735
127.0 3.66594219441151
128.0 3.79535879293922
129.0 3.82607302918515
130.0 3.99685658938195
131.0 4.00179366646562
132.0 4.17845190671008
133.0 4.20399385859532
134.0 4.15371759981031
135.0 4.43542327177484
136.0 4.36971717223198
137.0 4.65517827370376
138.0 4.70177753249446
139.0 4.73227259067781
140.0 4.95741474875105
141.0 4.84020683415698
142.0 4.93368821756645
143.0 4.85350713562819
144.0 4.88454155463454
145.0 5.11093073466716
146.0 4.95395241304887
147.0 5.10626816330703
148.0 4.98690443212352
149.0 5.05697029942122
150.0 5.14085175248466
151.0 4.78301556179549
152.0 5.00653686031705
153.0 5.00391572813752
154.0 4.93178633247443
155.0 4.86862601382219
156.0 4.7740575179301
157.0 4.58739176162943
158.0 4.56165112630356
159.0 4.4768650984516
160.0 4.40954195773179
161.0 4.41467246865937
162.0 4.22678539215174
163.0 3.98352233632853
164.0 4.12888854043689
165.0 3.97902085573145
166.0 4.01908575406217
167.0 3.88449332069321
168.0 3.72132590802786
169.0 3.69797351322723
170.0 3.68548561308719
171.0 3.54339633770963
172.0 3.59438772927995
173.0 3.45780672375711
174.0 3.48299590467337
175.0 3.39940447062607
176.0 3.40916842442941
177.0 3.34709255553821
178.0 3.45055115695566
179.0 3.42281311445144
180.0 3.51660862874554
181.0 3.46492152611816
182.0 3.4103996265588
183.0 3.51007213658735
184.0 3.62549928295492
185.0 3.63565075579695
186.0 3.4792584157083
187.0 3.5380654605976
188.0 3.8720498902243
189.0 3.57571257762437
190.0 3.70170989396938
191.0 3.71705658948663
192.0 3.69738241892948
193.0 3.91220247228386
194.0 3.8072163029012
195.0 3.72256221958443
196.0 3.84759481732712
197.0 3.86890280048592
198.0 3.98421157309342
199.0 3.9553060375052
200.0 3.92675535011986
