WaterForce
201
0.0 2.54223155377929
1.0 2.60117667565227
2.0 2.65036280972203
3.0 2.67720450481993
4.0 2.65376757641337
5.0 2.68104170464935
6.0 2.7297724012262
7.0 2.72044166019767
8.0 2.71842043455243
9.0 2.71305964943852
10.0 2.72112677689374
11.0 2.62755816611814
12.0 2.6440532775429
13.0 2.61707499075314
14.0 2.61117179695666
15.0 2.56847073653183
16.0 2.51090510473949
17.0 2.45029106859174
18.0 2.42388691506749
19.0 2.44512939483316
20.0 2.36210139915262
21.0 2.31581811970497
22.0 2.28076855724286
23.0 2.21220301455211
24.0 2.20166120444002
25.0 2.21063643918259
26.0 2.14771813466403
27.0 2.08415164887543
28.0 2.10023741831898
29.0 2.09167044499972
30.0 2.08800604565738
31.0 2.0730204583302
32.0 2.08323124457905
33.0 2.10681151207836
34.0 2.11645627116436
35.0 2.09359800029325
36.0 2.12831340833029
37.0 2.09377872420677
38.0 2.14038778855984
39.0 2.17158442753422
40.0 2.21498653229675
41.0 2.2197795863358
42.0 2.28934430994601
43.0 2.30410053336036
44.0 2.33311442073747
45.0 2.3570021304909
46.0 2.43355563681351
47.0 2.4974417355971
48.0 2.54452624440597
49.0 2.59170186229908
50.0 2.61988588734812
51.0 2.67528836301871
52.0 2.70868927465455
53.0 2.74713477964701
54.0 2.77551392430065
55.0 2.83458311096411
56.0 2.87781301160857
57.0 2.96618855815581
58.0 2.97723367905315
59.0 3.05925676068556
60.0 3.0849878741113
61.0 3.1743575123833
62.0 3.16631159871595
63.0 3.210593911421
64.0 3.31185545790226
65.0 3.3573861136149
66.0 3.39424121937658
67.0 3.4567876087258
68.0 3.48816995886451
69.0 3.5451967468863
70.0 3.54782147231908
71.0 3.64684394177349
72.0 3.6627617533837
73.0 3.78000206947256
74.0 3.80744967126308
75.0 3.75672563080521
76.0 3.81775574524909
77.0 3.85103588858475
78.0 3.86106291259069
79.0 3.90481233856081
80.0 3.91051246234841
81.0 3.94285510457556
82.0 3.96386067982009
83.0 3.87322822552617
84.0 3.92130439425134
85.0 3.85844877370959
86.0 3.85198430725783
87.0 3.83677074251306
88.0 3.76864558116079
89.0 3.71329651524749
90.0 3.64176216743021
91.0 3.6074278241932
92.0 3.50120632143777
93.0 3.45279776744939
94.0 3.37507713283089
95.0 3.26021712300349
96.0 3.22166673898825
97.0 3.11041108177562
98.0 3.00954546331753
99.0 2.91401299676428
100.0 2.83318054295362
101.0 2.72816762247288
102.0 2.62127960184059
103.0 2.55726291412782
104.0 2.55758387166907
105.0 2.42034962699291
106.0 2.3199704515056
107.0 2.27471322041576
108.0 2.22570874150891
109.0 2.20036116169378
110.0 2.13267415506973
111.0 2.09024982922086
112.0 2.04891835823957
113.0 2.06331708947821
114.0 2.02990770438682
115.0 2.01276140578964
116.0 2.05503638991483
117.0 2.04798505508975
118.0 2.08495312046789
119.0 2.101685692136
120.0 2.1093925378822
121.0 2.15474054185932
122.0 2.22025629641126
123.0 2.18603512881312
124.0 2.22854239934512
125.0 2.28383455594204
126.0 2.32280034424117
127.0 2.36194044702527
128.0 2.35547225152293
129.0 2.4243232554483
130.0 2.42943643903555
131.0 2.43765726321412
132.0 2.41412425097494
133.0 2.48005572483136
134.0 2.4345544657913
135.0 2.42467996801872
136.0 2.44542323143011
137.0 2.41605325344426
138.0 2.38867369141751
139.0 2.40327385100862
140.0 2.28868131785949
141.0 2.28843362357704
142.0 2.21648284929323
143.0 2.21007387720133
144.0 2.10175046539795
145.0 2.02573718107246
146.0 1.95842773227746
147.0 1.88860416728442
148.0 1.80579366721393
149.0 1.79322798452684
150.0 1.6813412152766
151.0 1.62499873929394
152.0 1.56988015741316
153.0 1.51997167463017
154.0 1.47285563281901
155.0 1.44493013994702
156.0 1.35548069969328
157.0 1.33694244032729
158.0 1.26023067832732
159.0 1.25827763144623
160.0 1.25744339354386
161.0 1.24145634771931
162.0 1.27096848728872
163.0 1.26080777297573
164.0 1.26514261171284
165.0 1.26222480996147
166.0 1.29279108313558
167.0 1.33146063166655
168.0 1.40360415782108
169.0 1.39789358259014
170.0 1.41492901126262
171.0 1.4910062491447
172.0 1.51427086177806
173.0 1.50556810558728
174.0 1.58029169898661
175.0 1.64210939580235
176.0 1.675338549945
177.0 1.73131169157487
178.0 1.77414837938638
179.0 1.78776283646871
180.0 1.85365791090772
181.0 1.90576452517382
182.0 1.92268168698382
183.0 1.9237412684371
184.0 1.95258585622738
185.0 1.96348912893381
186.0 1.93524324543061
187.0 1.95903308136929
188.0 1.95575324786452
189.0 1.974693525925
190.0 1.99878372258538
191.0 1.9550272267377
192.0 1.9305724510468
193.0 1.95399159342181
194.0 1.98486474279186
195.0 1.92179971104906
196.0 1.94118009417064
197.0 1.8990451313396
198.0 1.91349542913059
199.0 1.91477402175266
200.0 1.95833908354626
