WorldNow
201
0.0 5.39865039116862
1.0 5.21758652888604
2.0 5.22716165172074
3.0 5.32930975921138
4.0 5.18434628159028
5.0 5.17108819043762
6.0 5.15755485409964
7.0 5.16647431143535
8.0 5.08501984527343
9.0 4.95928688694555
10.0 5.04561936099233
11.0 5.05868792737602
12.0 4.84962125745769
13.0 5.09261406263495
14.0 4.99733084559657
15.0 4.90743628298921
16.0 4.98426854283349
17.0 5.12732499654373
18.0 5.08071047738646
19.0 5.0581482236494
20.0 5.06197038659685
21.0 4.95776512727534
22.0 5.11752153378968
23.0 5.21298696730307
24.0 5.13349842960771
25.0 5.25859414875676
26.0 5.21559926519538
27.0 5.34228044826164
28.0 5.26752534683632
29.0 5.4169186632226
30.0 5.35670607846693
31.0 5.39042649322757
32.0 5.50409081823938
33.0 5.56091375119489
34.0 5.6322986221494
35.0 5.61085723690221
36.0 5.68461804114523
37.0 5.75192560969571
38.0 5.86591813279152
39.0 5.90257266891284
40.0 5.87681875564591
41.0 5.99434285174153
42.0 5.93029308411841
43.0 6.09959360586807
44.0 6.07660909717318
45.0 5.9872682036538
46.0 5.99739043205705
47.0 6.04050407632367
48.0 6.14020310843628
49.0 6.04046390383554
50.0 6.1403625663305
51.0 6.13595399984847
52.0 6.21157424758897
53.0 6.08333941607633
54.0 6.13322166306702
55.0 6.11734144779483
56.0 6.24929572344658
57.0 6.32173600129796
58.0 6.25029922772332
59.0 6.28034169878111
60.0 6.20345972605803
61.0 6.34396739229632
62.0 6.23651696694043
63.0 6.31830928385885
64.0 6.30658405945918
65.0 6.36198179116415
66.0 6.45179198845621
67.0 6.54301137871914
68.0 6.43326908540794
69.0 6.50246885946818
70.0 6.61598206103807
71.0 6.65282784317989
72.0 6.73454043327638
73.0 6.73308521784821
74.0 6.80686142221842
75.0 6.84576252048833
76.0 7.0055980356866
77.0 7.01541185899063
78.0 7.16283748847668
79.0 7.24019757593191
80.0 7.28562962516324
81.0 7.42224276694194
82.0 7.46791247536567
83.0 7.57868043509352
84.0 7.52215791766867
85.0 7.70121095470188
86.0 7.72925003795909
87.0 7.7685645846019
88.0 7.94756542695913
89.0 7.85214579750882
90.0 7.95322208822752
91.0 8.013609313705
92.0 8.03340863198845
93.0 8.13687200372913
94.0 8.2199492166671
95.0 8.2165559747288
96.0 8.10220579582031
97.0 8.13932998866826
98.0 8.25660926021581
99.0 8.14420982025819
100.0 8.1922003243321
101.0 8.12350903000464
102.0 8.04777812595841
103.0 8.04000126894049
104.0 8.0799953316123
105.0 8.12874986256971
106.0 8.05829653564262
107.0 8.02156998176679
108.0 7.98053061887283
109.0 7.89585898471604
110.0 7.91137266601128
111.0 7.78815140866067
112.0 7.72336003233016
113.0 7.74547672404093
114.0 7.55375150568837
115.0 7.51514559736124
116.0 7.43963678206958
117.0 7.43032446911193
118.0 7.34039959780031
119.0 7.12343472107224
120.0 7.05916203314721
121.0 7.03935553732956
122.0 6.96340664660409
123.0 6.99565387130379
124.0 6.84297109805021
125.0 6.7272070058809
126.0 6.69448260202713
127.0 6.49727034046674
128.0 6.53591745145649
129.0 6.48223155747207
130.0 6.25077091297032
131.0 6.25845827314567
132.0 6.24339064600592
133.0 6.13397726890968
134.0 6.13011401347172
135.0 6.07752276941842
136.0 5.93871168967146
137.0 5.97365484706723
138.0 5.95423489558852
139.0 5.96653308821653
140.0 5.73694351410216
141.0 5.7197361308061
142.0 5.76965932880549
143.0 5.81409184090709
144.0 5.61971988809256
145.0 5.61823965052763
146.0 5.53767752469325
147.0 5.39617306345345
148.0 5.42639613502688
149.0 5.49604460168833
150.0 5.39518401624798
151.0 5.34164517261171
152.0 5.31813898412384
153.0 5.25851302964944
154.0 5.14958415508261
155.0 5.13021051306978
156.0 5.14964618657586
157.0 5.1041292734153
158.0 4.98894445168375
159.0 5.08661077637902
160.0 5.05874003640518
161.0 5.02331026048055
162.0 4.93363161452429
163.0 4.95272501635983
164.0 4.82233211517441
165.0 4.72799624770742
166.0 4.70893283321134
167.0 4.86527143459023
168.0 4.65897245058168
169.0 4.58140923095484
170.0 4.61011365674536
171.0 4.638940217061
172.0 4.56524439152652
173.0 4.50112195447695
174.0 4.51521438224748
175.0 4.42983851137251
176.0 4.31964515440435
177.0 4.30420499502748
178.0 4.36426539486158
179.0 4.20174529230993
180.0 4.2209661304079
181.0 4.25739699158446
182.0 4.14503204027588
183.0 4.21842709029153
184.0 4.07236574428017
185.0 4.03097598810706
186.0 4.12566633504348
187.0 3.92330361702566
188.0 3.81673033946915
189.0 3.88550656376991
190.0 3.89743700343125
191.0 3.86682708786068
192.0 3.88265940096027
193.0 3.78764486461772
194.0 3.68366729243466
195.0 3.68874991404358
196.0 3.6144371176141
197.0 3.59379858302548
198.0 3.64368643616144
199.0 3.55563946438485
200.0 3.5255481434499
