ABCDE
301
0.0 1.73824855991287
1.0 1.62407562908165
2.0 1.56757753793301
3.0 1.60107149844256
4.0 1.64591098916723
5.0 1.72007890544793
6.0 1.59025465522749
7.0 1.56396244833246
8.0 1.49218103893163
9.0 1.60431959435067
10.0 1.45510038913164
11.0 1.49345452448487
12.0 1.40411582249284
13.0 1.36155003820375
14.0 1.48985221132754
15.0 1.21691606475216
16.0 1.26915509282073
17.0 1.13685750854585
18.0 1.22755556296068
19.0 1.07992210707099
20.0 1.24839411213926
21.0 1.17672950081606
22.0 1.12148543022838
23.0 1.16316561217753
24.0 1.35716324632206
25.0 1.06280023991834
26.0 1.26414373007426
27.0 1.408010597089
28.0 1.22790982458993
29.0 1.16328742675824
30.0 1.3115674394279
31.0 1.31872685666165
32.0 1.54152030299431
33.0 1.51620077922913
34.0 1.68180505943541
35.0 1.65871629231319
36.0 1.74190864437243
37.0 1.54949931218115
38.0 1.74921047003534
39.0 1.82327750066205
40.0 1.98457780547475
41.0 1.94625761188965
42.0 1.86170280628089
43.0 2.06744201842075
44.0 1.98031022644435
45.0 2.17282854882836
46.0 2.16038522231665
47.0 2.12349062745527
48.0 2.23733650856199
49.0 2.21740899732336
50.0 2.12658968360603
51.0 2.21472875992231
52.0 2.32344322471631
53.0 2.35105241179824
54.0 2.08109291160695
55.0 2.0861812344964
56.0 2.20415955459901
57.0 2.09658110611517
58.0 2.14118149313414
59.0 2.04702204958429
60.0 2.19076332455461
61.0 2.11658576708325
62.0 2.0476868131846
63.0 2.07530503744293
64.0 2.01540211483793
65.0 2.0931601475656
66.0 2.06664140971525
67.0 2.11124290519016
68.0 2.15938348013808
69.0 2.00977828274902
70.0 2.26941240962535
71.0 2.27583333340284
72.0 2.25588391519261
73.0 2.28158805744817
74.0 2.3671644329032
75.0 2.40089202895599
76.0 2.25783325764752
77.0 2.49097216871641
78.0 2.51271860246578
79.0 2.53277600571134
80.0 2.56223549651007
81.0 2.62258929276514
82.0 2.7569517797738
83.0 2.75235149031044
84.0 2.9326758350878
85.0 2.8459240448983
86.0 3.00014052451051
87.0 3.07122155995644
88.0 3.07805944428576
89.0 3.2182585164758
90.0 3.09324364508309
91.0 3.16579124927421
92.0 3.26453661429652
93.0 3.25648867793784
94.0 3.3237621143345
95.0 3.12882196743118
96.0 3.25099987074774
97.0 3.04689936055117
98.0 3.22128438967375
99.0 3.20782276835939
100.0 3.19610010215577
101.0 3.09777582412332
102.0 2.89138202515554
103.0 2.77714604771564
104.0 2.81522831020141
105.0 2.72320848126263
106.0 2.67371157880879
107.0 2.48757066418806
108.0 2.40575755068559
109.0 2.15353269936637
110.0 2.14270945224777
111.0 2.18165591929332
112.0 1.99515411999712
113.0 1.93068041585898
114.0 1.73557838862734
115.0 1.62670128906196
116.0 1.54414603869619
117.0 1.56553969198301
118.0 1.6123777267622
119.0 1.38891034171204
120.0 1.44936177702166
121.0 1.27220721395784
122.0 1.32982980612529
123.0 1.18643702739306
124.0 1.17156735663386
125.0 1.17485390163259
126.0 1.06926365542995
127.0 1.20471791176121
128.0 1.10689011014113
129.0 1.05935032751352
130.0 1.14153991893009
131.0 1.07187021132227
132.0 1.09901834980882
133.0 1.07009068530768
134.0 1.12603674900282
135.0 1.12647754518813
136.0 1.03945633104935
137.0 1.27422115348361
138.0 1.07958025938328
139.0 1.14567738284367
140.0 1.09046442300279
141.0 1.17370332737133
142.0 1.20368743647163
143.0 1.19401614027552
144.0 1.22547072641179
145.0 1.15005970310743
146.0 1.25827986532421
147.0 1.19632808228376
148.0 1.06024478635725
149.0 1.20591813830223
150.0 1.05915171657035
151.0 1.07462049565436
152.0 0.942609153172381
153.0 1.04990341629824
154.0 0.779445143643039
155.0 0.86679421575683
156.0 0.847286945342033
157.0 0.738593684367152
158.0 0.758278954005495
159.0 0.909908124755761
160.0 0.923963071866617
161.0 0.754168407854261
162.0 0.717147526249031
163.0 0.637380640514945
164.0 0.575121525187734
165.0 0.681746150067521
166.0 0.800605459414124
167.0 0.685414506049607
168.0 0.652454359326576
169.0 0.735083525852104
170.0 0.735939154995617
171.0 0.996668619066814
172.0 0.932388361285595
173.0 0.891619459302203
174.0 1.05185550109106
175.0 1.00655986086056
176.0 1.0870943696315
177.0 1.0552900037767
178.0 1.03300000283401
179.0 1.32968890710742
180.0 1.25243776356994
181.0 1.51166111611449
182.0 1.46762294536665
183.0 1.62701210161829
184.0 1.52921843993849
185.0 1.67764281779342
186.0 1.82715598832898
187.0 1.79771925200772
188.0 1.82694241086817
189.0 1.69172245601059
190.0 1.87247627479632
191.0 1.96208913449525
192.0 2.10115170497498
193.0 2.07905801584249
194.0 1.9370275298878
195.0 2.01373343599099
196.0 2.08388329155315
197.0 2.08777373176091
198.0 1.95711117036203
199.0 2.04737174924474
200.0 2.09536646586414
201.0 2.11260884286685
202.0 1.98990614113116
203.0 1.83014911247211
204.0 1.98341944771121
205.0 1.94920019003329
206.0 1.95995537060092
207.0 1.98718265879867
208.0 1.773368401397
209.0 1.9202952304621
210.0 1.9218838659945
211.0 1.81700243897163
212.0 1.86757241001499
213.0 1.89554690125267
214.0 1.99901246916476
215.0 1.9294645460339
216.0 1.78457607434046
217.0 1.71983133271768
218.0 2.03761706880193
219.0 2.02885436960199
220.0 1.8132533380312
221.0 1.9473796551267
222.0 2.18407484049877
223.0 2.15221659477714
224.0 2.3014104925558
225.0 2.06155662312481
226.0 2.35196887138762
227.0 2.31448549661399
228.0 2.49608151068122
229.0 2.3856723008595
230.0 2.55810529868075
231.0 2.57300968140616
232.0 2.67493014149811
233.0 2.82287623529652
234.0 2.85970585082115
235.0 2.69391478388859
236.0 2.7159238947637
237.0 2.76588023254196
238.0 2.63974596220201
239.0 2.96370557481904
240.0 2.96725198851476
241.0 2.85103278776169
242.0 2.79786307539431
243.0 2.6882478672548
244.0 2.61167446172402
245.0 2.60458182020299
246.0 2.54897862992979
247.0 2.52359899754196
248.0 2.39888448661147
249.0 2.40283427575248
250.0 2.23783844968348
251.0 2.04359890450779
252.0 2.0445267989957
253.0 1.84151867764027
254.0 1.80039776614821
255.0 1.75430340222325
256.0 1.62141461134904
257.0 1.47273706781438
258.0 1.38034008053828
259.0 1.36044807910902
260.0 1.10816816415337
261.0 1.06877311008631
262.0 0.96875120461331
263.0 0.885606707551189
264.0 0.712185251009823
265.0 0.518507999058556
266.0 0.534886584411142
267.0 0.454155873656113
268.0 0.418631891463616
269.0 0.604169256536583
270.0 0.344228363476919
271.0 0.376105761035813
272.0 0.29807062748347
273.0 0.312311370513436
274.0 0.385606615814258
275.0 0.266081877850833
276.0 0.213836043777313
277.0 0.165008953852527
278.0 0.209233918065095
279.0 0.380018124907564
280.0 0.247129357931245
281.0 0.248899722022808
282.0 0.121039650622
283.0 0.182258022491195
284.0 0.359595222781596
285.0 0.210985857175967
286.0 0.284137894487329
287.0 0.402240072965233
288.0 0.323476299618709
289.0 0.300162513984537
290.0 0.350517821255601
291.0 0.355338356334674
292.0 0.328763804073459
293.0 0.35321447208105
294.0 0.402388512824559
295.0 0.240160706027025
296.0 0.34131555093176
297.0 0.348931744313004
298.0 0.267669424328124
299.0 0.246548094413913
300.0 0.25989201218047
