EnviroLike
301
0.0 7.48276175017971
1.0 7.55053000522275
2.0 7.01377236225165
3.0 7.2221936460026
4.0 7.17517653187288
5.0 7.22630053953189
6.0 7.35344760317168
7.0 7.32601118957012
8.0 7.65858661052501
9.0 7.44561681578054
10.0 7.29882803970319
11.0 7.47064790357575
12.0 7.47474406934789
13.0 7.47653705358992
14.0 7.69236026926583
15.0 7.8249145746329
16.0 7.44992681273135
17.0 7.68139478764905
18.0 7.93532129144448
19.0 7.81245346521623
20.0 7.75381206581639
21.0 7.87510405083176
22.0 7.75533498819268
23.0 7.65457356347073
24.0 7.57205932495154
25.0 7.73146217782115
26.0 7.42909698693043
27.0 7.77066842809989
28.0 7.36395340392814
29.0 7.55506008531643
30.0 7.67114837670603
31.0 7.5678211392036
32.0 7.51804565372627
33.0 7.68843699563803
34.0 7.61915801373833
35.0 7.30246508736454
36.0 7.43324313362077
37.0 7.17082369255781
38.0 7.13537317342318
39.0 7.1378873594944
40.0 7.12277203521099
41.0 7.19580530105263
42.0 7.10849706490429
43.0 6.81616211485262
44.0 7.05327902314096
45.0 7.16613764710111
46.0 6.9032163579136
47.0 7.0774533628393
48.0 6.60468335361991
49.0 6.62655067996592
50.0 6.50100392951695
51.0 6.40481269426876
52.0 6.77466588318279
53.0 6.25007037219114
54.0 6.440883345012
55.0 6.40525441348443
56.0 6.34575722071575
57.0 6.35127866028082
58.0 6.33707950690574
59.0 6.25796905038458
60.0 6.20222697965596
61.0 6.20938727685795
62.0 6.10391296047988
63.0 6.21129325927967
64.0 6.52790980444137
65.0 6.35729977656913
66.0 6.27237441844483
67.0 6.30998092077107
68.0 6.49850314362376
69.0 6.23113003888483
70.0 6.48407412077952
71.0 6.4010148406425
72.0 6.59754930095336
73.0 6.59751339575912
74.0 6.82196723437816
75.0 6.73510586082586
76.0 6.55187800314931
77.0 6.82567545151773
78.0 6.63981297615519
79.0 7.05105198314273
80.0 6.72256173883615
81.0 6.29301969401062
82.0 6.91671581586474
83.0 6.93338805514909
84.0 7.0175823522202
85.0 6.8967106334056
86.0 6.78575480678798
87.0 6.81182400041971
88.0 7.05666545497168
89.0 6.58851184152276
90.0 6.83300750795239
91.0 6.93215234665995
92.0 6.86965508567215
93.0 6.71001261015811
94.0 6.96554710562974
95.0 6.49318569921531
96.0 6.71105148188992
97.0 6.67388115655808
98.0 6.66655326032965
99.0 6.77262988843755
100.0 6.36930608121611
101.0 6.56784822986703
102.0 6.59480705720389
103.0 6.42939428799481
104.0 6.53993002073454
105.0 6.17357325567419
106.0 6.26757892607965
107.0 6.59929371598448
108.0 6.04057184145951
109.0 6.4265395107428
110.0 6.04737096217619
111.0 5.96380901421456
112.0 6.01386896456152
113.0 5.82127800789246
114.0 5.84066639113998
115.0 5.89106608896963
116.0 6.15413481363858
117.0 5.89906348293735
118.0 6.29617014964367
119.0 6.06319564330662
120.0 5.63911067601857
121.0 5.75749803845158
122.0 5.87202925921441
123.0 5.81958362441153
124.0 5.82431126781313
125.0 5.74950935202276
126.0 6.01986939939873
127.0 5.70419417347795
128.0 5.66261907735461
129.0 5.94144462639105
130.0 5.84961139783725
131.0 5.69414255404963
132.0 5.88150713266198
133.0 5.84356045190081
134.0 5.81636205753626
135.0 5.81188607278916
136.0 6.08561326946712
137.0 6.03291391811778
138.0 5.93237605968964
139.0 6.01912379183769
140.0 5.72950252774143
141.0 5.69127212603406
142.0 5.99220579560494
143.0 5.40918299629767
144.0 5.69966487421249
145.0 5.70424414706531
146.0 5.74245813087722
147.0 5.64272457739966
148.0 5.98796037850943
149.0 5.62790888172561
150.0 5.89648843240274
151.0 5.24279201028372
152.0 5.6753796281099
153.0 5.41882246473607
154.0 5.43419304037463
155.0 5.37833162881816
156.0 5.1568042340639
157.0 5.63134072241796
158.0 5.63514179744077
159.0 5.11755781846806
160.0 5.54242483907619
161.0 5.43876373311226
162.0 5.30853492925173
163.0 5.05227109031814
164.0 5.1937363126868
165.0 5.42010651961428
166.0 5.16383670516763
167.0 5.03615510094711
168.0 5.05160033155293
169.0 5.06280259859119
170.0 4.94991232422508
171.0 4.9301192930673
172.0 5.03250465944229
173.0 5.3711220834981
174.0 4.99634471131985
175.0 4.83976730306586
176.0 4.93841480365044
177.0 5.25091367597786
178.0 4.86194983685669
179.0 4.99876387573933
180.0 5.00096402348457
181.0 5.08636687803805
182.0 4.95212950371443
183.0 4.9583478878249
184.0 5.12448019941653
185.0 5.15188999959139
186.0 5.39375483934983
187.0 5.33554510345479
188.0 5.54521769830139
189.0 5.23317612380735
190.0 5.44313183543789
191.0 5.48969961341626
192.0 5.67853073644305
193.0 5.36787819438677
194.0 5.35633294696762
195.0 5.29248721721576
196.0 5.83711245665603
197.0 5.60940431451548
198.0 5.76291813993366
199.0 5.91376658492122
200.0 5.63794923673931
201.0 5.51837708908257
202.0 5.81282945831464
203.0 5.71499909123452
204.0 5.86364055734535
205.0 6.35018689205776
206.0 5.99367702456991
207.0 6.14990101096744
208.0 6.07248842321584
209.0 6.24322001497237
210.0 6.20015110124926
211.0 6.06416458961015
212.0 6.26898985621829
213.0 6.01142418453093
214.0 6.11554636007633
215.0 6.24848051812647
216.0 6.03571660254669
217.0 5.9230200155282
218.0 6.39795561388131
219.0 5.84150705463629
220.0 6.03974169981424
221.0 6.38816795324608
222.0 5.94627682204586
223.0 6.22809552754425
224.0 6.06696297896725
225.0 5.99848659951468
226.0 6.01173788914906
227.0 6.17087848891408
228.0 6.09478773449761
229.0 6.18912279696621
230.0 6.19493205693059
231.0 6.17334373981264
232.0 6.44840754770944
233.0 6.04431513096152
234.0 6.07542068675937
235.0 6.07377065793345
236.0 6.02629779845294
237.0 6.17043396174023
238.0 6.20065456319965
239.0 6.03020631463443
240.0 6.25092293672231
241.0 6.19626059022897
242.0 6.51801019139018
243.0 6.06407169207096
244.0 6.2295288231224
245.0 6.57192257356987
246.0 6.40874298184181
247.0 6.44108879006192
248.0 6.271096519817
249.0 6.34495801554621
250.0 6.3476600937657
251.0 6.294879089965
252.0 6.37484621275057
253.0 6.61292132565177
254.0 6.58137736682061
255.0 6.56714539894265
256.0 6.48168749760151
257.0 6.77041395899238
258.0 6.6383726128713
259.0 6.774341717872
260.0 6.47908615988852
261.0 6.52750112523323
262.0 6.56059849118239
263.0 6.71881302567771
264.0 6.82487467490022
265.0 6.76891644316374
266.0 6.77616609295491
267.0 6.69678338063021
268.0 6.48868258569379
269.0 6.83892060296629
270.0 6.94188140187738
271.0 6.82207587497289
272.0 6.82906521085449
273.0 6.66836676843463
274.0 6.54391233722356
275.0 6.91068416765951
276.0 7.16317661058663
277.0 7.02950783990273
278.0 7.18770221629459
279.0 6.88423473088729
280.0 7.17520548530087
281.0 6.81395150396802
282.0 7.16683166534566
283.0 7.20177603306646
284.0 6.94585931211896
285.0 7.26752768218942
286.0 7.12799860280513
287.0 6.91520796453565
288.0 6.92924188134966
289.0 6.93605380580969
290.0 7.05590153548237
291.0 6.91731739343803
292.0 7.19800946364797
293.0 6.99913140680036
294.0 7.19169164126818
295.0 7.31421629364703
296.0 7.30514896177741
297.0 7.31560960466609
298.0 7.23792631960427
299.0 7.77676270536959
300.0 7.40876545899485
