Lasers
301
0.0 7.86029362488676
1.0 8.13858203131475
2.0 8.25343830901087
3.0 8.1493838716843
4.0 7.91899879082447
5.0 7.98526133345441
6.0 7.91850632370693
7.0 8.17766895174347
8.0 7.8283962165397
9.0 8.13831266581343
10.0 7.97508569718562
11.0 7.93093076448619
12.0 8.00792302194956
13.0 7.90602032307522
14.0 7.90557032666435
15.0 8.1224117421858
16.0 8.02560502760757
17.0 7.78742618569464
18.0 7.90347892973342
19.0 8.06846815818368
20.0 8.01873211601304
21.0 7.72988920303617
22.0 8.27974746005731
23.0 7.85647875145926
24.0 7.87480407285727
25.0 7.82735300084441
26.0 7.83664306285959
27.0 7.83580025179788
28.0 7.98931436707628
29.0 7.77303381940347
30.0 7.89461368556608
31.0 7.57512019695228
32.0 7.65240294921636
33.0 7.46559920843055
34.0 7.91744090635815
35.0 7.87697740862052
36.0 7.6431432249433
37.0 7.27975109790739
38.0 7.79708462295861
39.0 7.38087105805566
40.0 7.39501768541833
41.0 7.44187334550777
42.0 7.25086730454762
43.0 7.18331807317149
44.0 7.27141383046287
45.0 7.3631824490506
46.0 7.43875649306538
47.0 7.60564634424292
48.0 7.55709830838051
49.0 7.82103240829592
50.0 7.28072042306145
51.0 7.41849291942009
52.0 7.12466474227099
53.0 7.64744907483438
54.0 7.30052142630824
55.0 7.20472907656965
56.0 7.4974217840411
57.0 6.99233660070108
58.0 7.21695108785891
59.0 7.3297607739044
60.0 7.38991472842458
61.0 6.90825478468589
62.0 7.17875029686965
63.0 6.95469378125194
64.0 7.11570272513074
65.0 7.07950276154823
66.0 6.99887765257105
67.0 7.12174536638251
68.0 7.22457547677064
69.0 6.86080214842297
70.0 7.08774359185531
71.0 7.12653170453268
72.0 6.87492521039327
73.0 6.45994949585634
74.0 6.63260277651027
75.0 6.85412751878874
76.0 6.60201237966658
77.0 6.62311621389663
78.0 6.81452003444303
79.0 6.75971896907678
80.0 6.51242362675772
81.0 6.41560482298376
82.0 6.47171493030495
83.0 6.68568737652508
84.0 6.26922258462798
85.0 6.45859387005275
86.0 6.42199104443545
87.0 6.42692757584
88.0 6.35256878579961
89.0 6.33844529782546
90.0 6.42533100535029
91.0 6.00255499165875
92.0 6.02165317895309
93.0 6.28710677637216
94.0 6.43771038481965
95.0 6.09454823105295
96.0 5.88883550588109
97.0 5.92605551890225
98.0 6.1580472797861
99.0 6.04873082599031
100.0 6.12227659052957
101.0 6.36845233270715
102.0 6.36688650980628
103.0 6.23812620913454
104.0 6.36956920394014
105.0 6.32961448674962
106.0 6.30441058038756
107.0 6.75769804364496
108.0 6.20980979243913
109.0 6.24535385158375
110.0 6.4457346424747
111.0 6.35842850600053
112.0 6.60827070074811
113.0 7.07742640087141
114.0 6.91431785149866
115.0 6.96339838565187
116.0 6.89253741485577
117.0 6.61132301857321
118.0 6.58377749034644
119.0 7.17361320833579
120.0 6.94490533820922
121.0 6.99940207130381
122.0 7.1135326611773
123.0 6.91257459548104
124.0 7.122335448857
125.0 7.06168644228652
126.0 7.41651724179622
127.0 7.54033995276254
128.0 7.63709314401722
129.0 7.34236034271075
130.0 7.31455564762474
131.0 7.77232810392734
132.0 7.62244342273124
133.0 7.55958038896741
134.0 7.65710423059877
135.0 7.50360208752302
136.0 7.65731345324342
137.0 8.0955414922089
138.0 7.96223068136003
139.0 7.67785225443742
140.0 7.78731342598846
141.0 7.69009377888227
142.0 7.7627543652564
143.0 7.8582672124112
144.0 7.80310479244051
145.0 8.12707579356542
146.0 7.90811031458788
147.0 7.93699411384748
148.0 7.86461035974409
149.0 8.06193284507643
150.0 7.84838928392762
151.0 7.99897763969985
152.0 8.55801879737623
153.0 8.25857432108132
154.0 8.39987957277784
155.0 8.40341546096319
156.0 8.20344280277371
157.0 8.34834007347377
158.0 8.43963482348205
159.0 8.33723752633358
160.0 8.61593663399651
161.0 8.49314947592839
162.0 8.69038905319968
163.0 8.85694326534889
164.0 8.87346096743328
165.0 8.84615301675672
166.0 8.58881809399055
167.0 8.52898080394572
168.0 8.79436195341014
169.0 8.8404783590823
170.0 8.8758795446464
171.0 8.54019969935978
172.0 9.02677385448145
173.0 8.97108004809937
174.0 8.57630216276546
175.0 8.74074168773822
176.0 8.62825558357014
177.0 8.49639257637847
178.0 8.63827745565955
179.0 8.53700360117868
180.0 8.61552754718239
181.0 8.65892355416496
182.0 8.7612562690555
183.0 8.38847394034939
184.0 8.44024358465791
185.0 8.22049042023391
186.0 8.79070012441328
187.0 8.17116179768566
188.0 8.26793003708799
189.0 8.33565993464232
190.0 8.15769650264416
191.0 8.06039434851937
192.0 7.62177631752902
193.0 8.09041932774597
194.0 7.91015750511272
195.0 7.68504146539412
196.0 8.10995092849127
197.0 7.88841983560875
198.0 8.1697936345673
199.0 7.68604972794815
200.0 8.07480030009659
201.0 7.93753361291621
202.0 8.03912052290104
203.0 7.8146552084497
204.0 8.11481893155534
205.0 8.18161302498874
206.0 8.02700185469515
207.0 8.18297804143371
208.0 8.4704935422639
209.0 8.52897281786247
210.0 8.30654550076555
211.0 8.4907593246349
212.0 8.65570359018476
213.0 8.58292613830701
214.0 8.76479655311135
215.0 8.51455982750187
216.0 8.76995773918757
217.0 9.2181169003775
218.0 9.06384862313852
219.0 8.82456144973898
220.0 8.91702401865491
221.0 9.07658539818317
222.0 9.26836689685151
223.0 9.31464506263884
224.0 9.341019362659
225.0 9.09921766975503
226.0 9.14775710392465
227.0 9.32094450471361
228.0 9.34947933309053
229.0 8.95434588514966
230.0 9.16925353045851
231.0 9.32603265647311
232.0 8.89285858435898
233.0 8.96283222227704
234.0 8.87533966012855
235.0 8.70432469573493
236.0 8.76710199467333
237.0 8.52022961852961
238.0 8.33602068186763
239.0 8.44664428922684
240.0 8.65374285782972
241.0 8.53753813307992
242.0 8.26603806264917
243.0 8.15851180231378
244.0 7.95745622775557
245.0 7.85655988561342
246.0 7.82844846712653
247.0 7.51192382364273
248.0 7.58778667221146
249.0 7.58028115486132
250.0 7.54748483816573
251.0 7.38040024828959
252.0 7.38827220195917
253.0 7.03983942176139
254.0 7.10253408741629
255.0 7.31672442589171
256.0 6.76552280493824
257.0 7.04074888519941
258.0 7.02862276549413
259.0 6.88422741977708
260.0 6.83072481304445
261.0 7.20877080292292
262.0 6.97323622797589
263.0 7.15726709367563
264.0 7.27309532929804
265.0 6.79501699710256
266.0 6.75906604602398
267.0 6.91175825191585
268.0 7.27511697927245
269.0 7.08245578711741
270.0 6.92760479023121
271.0 7.32956471647802
272.0 7.1527099655018
273.0 7.21820363921879
274.0 7.24075518243336
275.0 7.25313723620426
276.0 7.37044483543969
277.0 7.18854525325339
278.0 7.24691990399783
279.0 7.21551530306377
280.0 7.42229497647709
281.0 7.25028477595698
282.0 7.17604455400479
283.0 7.43682993558199
284.0 6.97118590665639
285.0 7.18407999580491
286.0 6.86707727912372
287.0 6.79494486419856
288.0 6.97382447478023
289.0 6.72214637519113
290.0 7.11746614439068
291.0 6.59859935631694
292.0 6.42470576709656
293.0 6.40698356070988
294.0 6.34675083129552
295.0 5.7455261410622
296.0 6.21613496931872
297.0 5.85776396278817
298.0 5.94980612180564
299.0 5.90419065300203
300.0 5.77574900426557
