MarsProject
301
0.0 3.14433657081139
1.0 3.12504988611425
2.0 3.06761452636905
3.0 3.35698524931493
4.0 3.3402383175712
5.0 3.6187450805271
6.0 3.76295007998785
7.0 3.59788369457515
8.0 3.58358725201966
9.0 3.6847013901549
10.0 3.7130073230256
11.0 3.77788329199705
12.0 3.87966328388284
13.0 3.57217253254738
14.0 3.52760408948486
15.0 3.50696439032313
16.0 3.87164506254353
17.0 3.77563245590165
18.0 4.03918309551991
19.0 3.5922385211166
20.0 3.54516353155483
21.0 3.72847746641827
22.0 3.74564212427848
23.0 3.70767637695015
24.0 3.69905615965423
25.0 3.39963100115161
26.0 3.61569660095361
27.0 3.50980867400666
28.0 3.74639548915731
29.0 3.1831007991896
30.0 3.26171401611293
31.0 3.58989118331777
32.0 3.43426512061129
33.0 3.63471011642817
34.0 3.24844761139679
35.0 3.42220680625647
36.0 3.0149267060825
37.0 3.18771415253268
38.0 3.49045084418483
39.0 3.47247751569854
40.0 3.13761871967102
41.0 2.95342976925449
42.0 3.17233187000585
43.0 3.21339938864722
44.0 3.39778970416769
45.0 3.33912443132039
46.0 2.65595134365223
47.0 3.08568865895146
48.0 3.30999603497669
49.0 3.0425570046316
50.0 3.15083245263605
51.0 3.24365962444036
52.0 3.42936710635785
53.0 3.16311978485105
54.0 3.48238857786913
55.0 3.14668724899128
56.0 3.50246874717646
57.0 3.2489533887881
58.0 3.238810529594
59.0 3.39840619320792
60.0 3.42402995690266
61.0 3.3867399061233
62.0 3.38549975869169
63.0 3.36980704673688
64.0 3.60858662678598
65.0 3.47606523574602
66.0 3.58268000429265
67.0 3.59528582108679
68.0 3.94442458622205
69.0 3.79557069990364
70.0 3.68454642545933
71.0 3.54638806097652
72.0 3.79635785004801
73.0 3.66604239586597
74.0 3.74628981665236
75.0 3.86999616326519
76.0 3.89329898607024
77.0 3.75311495532771
78.0 4.08934838479276
79.0 3.60292440783749
80.0 4.05902656041818
81.0 4.06077280449954
82.0 4.20323839059952
83.0 4.00975228826284
84.0 3.85302779812814
85.0 3.97294139861943
86.0 3.89952945579553
87.0 3.9066834363689
88.0 3.89942507184075
89.0 3.64674232712804
90.0 3.99496715849314
91.0 3.57586533037626
92.0 3.51065895668874
93.0 3.38967889304216
94.0 3.51044525101926
95.0 3.55523850171977
96.0 3.60128551002722
97.0 3.57866772203929
98.0 3.82420314917942
99.0 3.80511258911682
100.0 3.40767921297809
101.0 3.7147407331188
102.0 3.44198088548775
103.0 3.76027304524631
104.0 3.40870545692147
105.0 3.44276919847166
106.0 3.33197116031259
107.0 3.5121341779927
108.0 3.27345627871008
109.0 3.46996018670083
110.0 3.70590506033084
111.0 3.69958131790843
112.0 3.54301502045791
113.0 3.48689458551646
114.0 3.28648127862363
115.0 3.47096719009215
116.0 3.73282345208974
117.0 3.51764001662383
118.0 3.44838444118733
119.0 3.473749033003
120.0 3.63150440026528
121.0 3.69004785722577
122.0 3.82194121812909
123.0 3.39551304472546
124.0 3.7677426709331
125.0 3.76871012769734
126.0 3.99575221773022
127.0 3.68570159392035
128.0 3.9864151618425
129.0 3.87113985107372
130.0 3.95411218606399
131.0 3.9751567303902
132.0 4.0193915001741
133.0 4.22516665840262
134.0 4.05477941476332
135.0 3.93878091362376
136.0 4.30339205353916
137.0 4.47265244208087
138.0 4.19230316399772
139.0 4.20667482368138
140.0 4.49827786854908
141.0 4.5733084804235
142.0 4.66544459940462
143.0 4.96303210573843
144.0 4.67936032280978
145.0 4.89287208191488
146.0 4.73833186643775
147.0 4.83956735821779
148.0 4.8599353584725
149.0 4.98469017701942
150.0 4.56517030842474
151.0 4.63537778090903
152.0 4.66806737635077
153.0 4.65328925017089
154.0 4.73980758390206
155.0 4.98289206969409
156.0 4.74399211412716
157.0 4.72704388189363
158.0 4.94660597126421
159.0 4.54509486917846
160.0 4.39663989934425
161.0 4.65650191109874
162.0 4.31060984195806
163.0 4.34116960847556
164.0 4.76831982140102
165.0 4.55442429512249
166.0 4.43672074576083
167.0 4.60079331331587
168.0 4.43868792154653
169.0 4.48738247097847
170.0 4.30332754308229
171.0 4.11623756442734
172.0 4.37844822596546
173.0 4.16338321150667
174.0 4.16133167658812
175.0 4.02618431984779
176.0 4.25901567994637
177.0 3.74884367312376
178.0 3.75778618924868
179.0 3.76693682593941
180.0 3.52617840527881
181.0 3.65784694086365
182.0 3.6632318707084
183.0 3.54751906702652
184.0 3.73417540574984
185.0 3.88236367712719
186.0 3.5768854590207
187.0 3.73140934808675
188.0 3.01982617258867
189.0 3.4737718064154
190.0 3.54202495234506
191.0 3.49552157982519
192.0 3.44721170817354
193.0 3.48893797747328
194.0 3.81262899635047
195.0 3.50060634762329
196.0 3.39424119598693
197.0 3.07961186067121
198.0 3.51846369563945
199.0 3.5342090251241
200.0 3.59920209322974
201.0 3.55538478817996
202.0 3.49973094184584
203.0 3.46363938883011
204.0 3.34998961171412
205.0 3.84971338527534
206.0 3.92887485733849
207.0 3.70200003739575
208.0 3.29221368943304
209.0 3.60161636348942
210.0 3.39014182773134
211.0 3.60979952239976
212.0 3.4110943672853
213.0 3.81835506129284
214.0 3.66721843319322
215.0 3.63300349831046
216.0 3.64651779946843
217.0 3.93670148137283
218.0 3.37798518349021
219.0 3.76060747509107
220.0 3.49375263360835
221.0 3.71489081147509
222.0 3.77368962351474
223.0 4.3159351801581
224.0 3.94339244214402
225.0 4.17506624077634
226.0 3.85889307110993
227.0 4.02707080152606
228.0 3.82195528596881
229.0 3.732396510918
230.0 4.15867433298624
231.0 4.2260503842373
232.0 4.18841621085883
233.0 4.22393968015251
234.0 3.86373705346052
235.0 4.08340256516692
236.0 3.85467893908244
237.0 4.12903408010717
238.0 4.06528006428365
239.0 4.16131650050068
240.0 4.10982079706782
241.0 3.97997971369591
242.0 3.86646280931275
243.0 4.01844444576498
244.0 3.76413751474411
245.0 3.91349096865561
246.0 4.04085677814735
247.0 3.91292782038545
248.0 3.94272743483659
249.0 4.09910471082905
250.0 3.97904950385802
251.0 3.7977102309558
252.0 3.7896996419726
253.0 3.79853090843059
254.0 3.76954649492382
255.0 3.92179241134686
256.0 4.06742965691537
257.0 3.86649512319422
258.0 3.74059700965979
259.0 3.84831838398391
260.0 3.419188040867
261.0 3.63308644906295
262.0 3.61882934563755
263.0 3.98251867089746
264.0 3.31133724690738
265.0 4.02135422557496
266.0 3.88702397901464
267.0 3.73435069557326
268.0 3.84072340375405
269.0 3.49198786125059
270.0 3.64647742103796
271.0 3.77093289202982
272.0 3.62224934252719
273.0 3.57108869832529
274.0 3.70151034546086
275.0 3.76490287612968
276.0 4.04136601446763
277.0 3.62439119043285
278.0 3.68730378662428
279.0 3.61678583312301
280.0 3.99829979226112
281.0 3.858346102298
282.0 3.57385227399631
283.0 3.80800474052066
284.0 3.94056949874134
285.0 4.00887255596968
286.0 3.77973882839214
287.0 3.66197080697834
288.0 3.80674902903291
289.0 3.49451843575933
290.0 3.52620348615846
291.0 3.73190452411576
292.0 3.96997616529873
293.0 3.57983168408381
294.0 3.76991608573452
295.0 3.35796732262592
296.0 3.66268040595893
297.0 3.67405429413004
298.0 3.56971588325835
299.0 3.58484267437031
300.0 3.46526061227046
