Photons
301
0.0 5.18678680134451
1.0 5.20242739385609
2.0 5.22910267398575
3.0 5.25672815982082
4.0 5.26599868231764
5.0 5.26304432473556
6.0 5.28441167589352
7.0 5.28255206205433
8.0 5.26029444527682
9.0 5.23193363384552
10.0 5.21220728004295
11.0 5.18075809534703
12.0 5.14543950193327
13.0 5.10179741830577
14.0 5.07108310796544
15.0 5.03619128278926
16.0 4.98961758121452
17.0 4.9565428806178
18.0 4.91799898967586
19.0 4.87264356744266
20.0 4.83819502522482
21.0 4.79712041007799
22.0 4.78146879277198
23.0 4.75102311263553
24.0 4.73210698449962
25.0 4.73254279968547
26.0 4.70947880720631
27.0 4.72408152873994
28.0 4.72826170690195
29.0 4.73623026405216
30.0 4.76017376942907
31.0 4.78492015779179
32.0 4.82133073319917
33.0 4.87935336544994
34.0 4.91941186734573
35.0 4.97879636506209
36.0 5.04016108562989
37.0 5.11698109532562
38.0 5.1902194004118
39.0 5.27634540455339
40.0 5.37066338148399
41.0 5.46234612239894
42.0 5.55866451286148
43.0 5.65512291219376
44.0 5.76549372272617
45.0 5.86691587280571
46.0 5.96865585556632
47.0 6.07695296695046
48.0 6.17638074038218
49.0 6.27519714292393
50.0 6.37989256103855
51.0 6.47253383500905
52.0 6.55826896597226
53.0 6.63502293829254
54.0 6.71027470457893
55.0 6.79266273960126
56.0 6.85662760048266
57.0 6.91267654393795
58.0 6.93764792432259
59.0 6.99238757638511
60.0 7.012238132675
61.0 7.04529816392918
62.0 7.05983417730308
63.0 7.05200866034469
64.0 7.05681356717765
65.0 7.04103586213166
66.0 7.02107840699614
67.0 6.98880370464199
68.0 6.95582490639148
69.0 6.91343874192019
70.0 6.8676394376544
71.0 6.81120886478369
72.0 6.75648161574896
73.0 6.69437219761105
74.0 6.63208567696773
75.0 6.56024250054912
76.0 6.50921566030141
77.0 6.44828006685508
78.0 6.37184328377532
79.0 6.30663092810537
80.0 6.25268193854746
81.0 6.19795325211551
82.0 6.13063873249562
83.0 6.07579212031309
84.0 6.0417822801686
85.0 6.00427656654175
86.0 5.97272346370858
87.0 5.93576023743868
88.0 5.92634060327565
89.0 5.90857090858471
90.0 5.9150543919187
91.0 5.91790903860889
92.0 5.93813921920769
93.0 5.95713608935895
94.0 5.98359691672122
95.0 6.02382044498008
96.0 6.0659813345856
97.0 6.11423466127859
98.0 6.15956581555181
99.0 6.23478926312076
100.0 6.3065155580457
101.0 6.37348333551665
102.0 6.44945508513405
103.0 6.52042491299764
104.0 6.60734281257757
105.0 6.68131993693257
106.0 6.75658479786143
107.0 6.84977743200327
108.0 6.93907597551398
109.0 6.99520825821492
110.0 7.09101892556885
111.0 7.15316368982007
112.0 7.2048196197902
113.0 7.27402399939577
114.0 7.33819280119963
115.0 7.389164787712
116.0 7.42338150011911
117.0 7.45455451897822
118.0 7.49316456072074
119.0 7.51021657859661
120.0 7.50977939155564
121.0 7.51168269006361
122.0 7.50701461663571
123.0 7.49139790838426
124.0 7.46491423556626
125.0 7.44509706201249
126.0 7.40078211794994
127.0 7.34239194454764
128.0 7.28610220716322
129.0 7.22639113477046
130.0 7.16994584365798
131.0 7.09710730593648
132.0 7.00227305604269
133.0 6.94259242961409
134.0 6.8429360951092
135.0 6.75995255511901
136.0 6.67275063694493
137.0 6.56895978533769
138.0 6.48008837851099
139.0 6.39103097719843
140.0 6.28503916401476
141.0 6.20146279279411
142.0 6.11581485599499
143.0 6.03587888442877
144.0 5.94871639085556
145.0 5.86879196580171
146.0 5.79703601695459
147.0 5.72793028816326
148.0 5.65815523341479
149.0 5.59269819031137
150.0 5.53243983251035
151.0 5.49283166513859
152.0 5.45530182942868
153.0 5.40722939638479
154.0 5.37582478248315
155.0 5.3610922212277
156.0 5.34209718668626
157.0 5.32757832536706
158.0 5.29891023455251
159.0 5.30231767932193
160.0 5.30664681454375
161.0 5.29667049552295
162.0 5.30328010059335
163.0 5.31757664822412
164.0 5.32559341605029
165.0 5.35231371054332
166.0 5.36171392662531
167.0 5.37548285651746
168.0 5.3914093474895
169.0 5.41774085519351
170.0 5.43739310461914
171.0 5.45114485986648
172.0 5.47322892077631
173.0 5.49069411664414
174.0 5.50151930213126
175.0 5.52804705733998
176.0 5.54257820302507
177.0 5.55721789735829
178.0 5.57234546527007
179.0 5.57864078292673
180.0 5.58929408079269
181.0 5.59481697682407
182.0 5.59034903410428
183.0 5.60317649429557
184.0 5.6139487371962
185.0 5.60945119735513
186.0 5.61253257141189
187.0 5.61433628407079
188.0 5.63307853524294
189.0 5.61555103098586
190.0 5.6117635784835
191.0 5.61462708866634
192.0 5.62986410394281
193.0 5.62894140563976
194.0 5.63829443815783
195.0 5.65203758051333
196.0 5.66341780595307
197.0 5.6672037826633
198.0 5.69954294831751
199.0 5.71452552397755
200.0 5.73537125617791
201.0 5.75104554432336
202.0 5.77539335777545
203.0 5.80419839803597
204.0 5.84066908773042
205.0 5.85735524832565
206.0 5.91351810263688
207.0 5.95031346910386
208.0 5.9886312365407
209.0 6.03565800386464
210.0 6.07726871487733
211.0 6.11675273716359
212.0 6.17156367606593
213.0 6.22145023629208
214.0 6.26097762528521
215.0 6.31318862487516
216.0 6.3623698795728
217.0 6.40656147143953
218.0 6.46683634733921
219.0 6.50477612441123
220.0 6.54392696017847
221.0 6.59532502656349
222.0 6.62307022565131
223.0 6.63981798069632
224.0 6.68324400431671
225.0 6.72264298156573
226.0 6.75613683156877
227.0 6.77834191597455
228.0 6.78770412599066
229.0 6.8081136004707
230.0 6.81602222769058
231.0 6.82129887233926
232.0 6.83983070991565
233.0 6.84239818781672
234.0 6.82768766842577
235.0 6.83033680623218
236.0 6.81469438717512
237.0 6.81574333082191
238.0 6.80730812553807
239.0 6.79471104017994
240.0 6.78748503324288
241.0 6.76741104415127
242.0 6.75315325237816
243.0 6.74391569957275
244.0 6.72522141501954
245.0 6.71043025361238
246.0 6.69726063395155
247.0 6.70244531144102
248.0 6.68294478875562
249.0 6.69849103975851
250.0 6.69774827286176
251.0 6.70419740497755
252.0 6.72758904651361
253.0 6.71937151387353
254.0 6.74065285362283
255.0 6.76380500009205
256.0 6.80138526738902
257.0 6.83837598562803
258.0 6.88865611798847
259.0 6.91156788046572
260.0 6.9584242042699
261.0 7.02719573086858
262.0 7.08991020876053
263.0 7.14341112053132
264.0 7.21312037779015
265.0 7.2707038788599
266.0 7.34699196467634
267.0 7.41990909627031
268.0 7.51348453559826
269.0 7.5688228048936
270.0 7.64372817508283
271.0 7.72836427227541
272.0 7.80257669010192
273.0 7.87988602598105
274.0 7.94888750678143
275.0 8.03085091346416
276.0 8.0930683063353
277.0 8.1845735012745
278.0 8.23197804554561
279.0 8.29922733131136
280.0 8.3367213653182
281.0 8.39035984307225
282.0 8.44018991880795
283.0 8.4728217861984
284.0 8.51571285419962
285.0 8.53278999870332
286.0 8.57739211961559
287.0 8.58030798805668
288.0 8.58196258403883
289.0 8.60676683349729
290.0 8.58751626218035
291.0 8.58689340393871
292.0 8.58384904768867
293.0 8.56117215595328
294.0 8.54149439129875
295.0 8.5115159302866
296.0 8.49892295905753
297.0 8.48202372268562
298.0 8.43894892222558
299.0 8.39585189390054
300.0 8.35711565510672
