RoboticsX
301
0.0 3.38783495382968
1.0 3.50202351343631
2.0 3.55296176080762
3.0 3.57364305552493
4.0 3.61779700118284
5.0 3.63062426540529
6.0 3.6812761250545
7.0 3.77986189126945
8.0 3.88492298092595
9.0 3.91972880525232
10.0 3.93993095066213
11.0 4.13929418063459
12.0 4.18466130725676
13.0 4.1877788576272
14.0 4.22929017735058
15.0 4.34328186191501
16.0 4.4301589644512
17.0 4.43205819778823
18.0 4.52830052393227
19.0 4.49758026546518
20.0 4.57779524395267
21.0 4.69465608430326
22.0 4.67479905741941
23.0 4.72492748881929
24.0 4.73753547092306
25.0 4.77853437604883
26.0 4.83238718133973
27.0 4.87205843300484
28.0 4.71182725286131
29.0 4.73652582107006
30.0 4.77373965515911
31.0 4.80629601022489
32.0 4.7384638845958
33.0 4.72983421765644
34.0 4.71520720435711
35.0 4.64503421439481
36.0 4.65888578681532
37.0 4.62544715969638
38.0 4.65011258608585
39.0 4.60496017172597
40.0 4.61026403910085
41.0 4.59551811228641
42.0 4.6370557379185
43.0 4.60264492082302
44.0 4.6428385804395
45.0 4.68430372967679
46.0 4.67433458658378
47.0 4.61353431349852
48.0 4.66031692100023
49.0 4.71510106041693
50.0 4.75671931071903
51.0 4.8086600486495
52.0 4.90864875339946
53.0 4.9347788015725
54.0 5.00377195467703
55.0 5.13279052486277
56.0 5.17853126386218
57.0 5.25328287681316
58.0 5.40903661400838
59.0 5.44858773251584
60.0 5.53063688038633
61.0 5.6894600672115
62.0 5.76187820112163
63.0 5.85520304316904
64.0 5.96216690008347
65.0 6.10237144087142
66.0 6.14184499480358
67.0 6.14184537620423
68.0 6.30683593693718
69.0 6.32748508269996
70.0 6.41830466331278
71.0 6.42651284732931
72.0 6.475311317265
73.0 6.39313435568797
74.0 6.47104007375872
75.0 6.42961265887164
76.0 6.45908261200563
77.0 6.4052734586764
78.0 6.44999787317863
79.0 6.35174151744937
80.0 6.26882961513749
81.0 6.22781861900269
82.0 6.13204707061856
83.0 6.08300601655698
84.0 5.94099149355701
85.0 5.83075466417162
86.0 5.77771996034982
87.0 5.66173609172662
88.0 5.55647767322463
89.0 5.42183781505409
90.0 5.27316909969811
91.0 5.17399182986692
92.0 5.04096170470554
93.0 4.96051095896103
94.0 4.85373539390894
95.0 4.79460837584314
96.0 4.65682556832317
97.0 4.63826926873607
98.0 4.57260029274589
99.0 4.49437455692666
100.0 4.46759811877992
101.0 4.40050450449697
102.0 4.44644331834562
103.0 4.42087079639292
104.0 4.4452439703463
105.0 4.407666745681
106.0 4.48377141832115
107.0 4.53416557487259
108.0 4.53840870537752
109.0 4.62312484051161
110.0 4.66784683749569
111.0 4.7661786657614
112.0 4.87946357989911
113.0 4.91721125325921
114.0 5.02624338732551
115.0 5.23296920443516
116.0 5.27146041507756
117.0 5.40529106964692
118.0 5.40973129175837
119.0 5.55873466888755
120.0 5.58850225158746
121.0 5.77709800140364
122.0 5.80997456419377
123.0 5.97297162974936
124.0 5.94907904284125
125.0 5.97166722213325
126.0 6.10460954073214
127.0 6.14343604153285
128.0 6.18962132415641
129.0 6.18391050638427
130.0 6.23685111788472
131.0 6.20529212987143
132.0 6.12511906466936
133.0 6.08752470708368
134.0 6.11380008945568
135.0 6.03200423035065
136.0 5.97480658805163
137.0 5.93454460944279
138.0 5.80456837471448
139.0 5.70354050095599
140.0 5.67880265203302
141.0 5.4987270444164
142.0 5.41768353366391
143.0 5.28282796276918
144.0 5.28606139340387
145.0 5.1117682687851
146.0 5.03732600939056
147.0 4.96657759186178
148.0 4.78386137156482
149.0 4.69431372020739
150.0 4.60274454333715
151.0 4.58272800998416
152.0 4.43039785901098
153.0 4.37050437555092
154.0 4.31051520796835
155.0 4.20996637125351
156.0 4.19321509287723
157.0 4.17436381097523
158.0 4.12161591145633
159.0 4.09135848682819
160.0 4.07047036020767
161.0 4.01264510792784
162.0 3.96801638812718
163.0 3.97251889810997
164.0 4.01842887780023
165.0 3.97025993049277
166.0 3.89149265070317
167.0 3.94530636482623
168.0 3.94911263213601
169.0 3.89774875850887
170.0 3.94796808189735
171.0 3.98435820375551
172.0 3.98843608052184
173.0 3.95981461944034
174.0 3.94176922880421
175.0 3.95577090737412
176.0 3.95925999444019
177.0 3.88814946690139
178.0 3.86789454506002
179.0 3.85037346434098
180.0 3.85943561593728
181.0 3.82013723456182
182.0 3.80867766707869
183.0 3.7166889597495
184.0 3.72178542327702
185.0 3.68401097927593
186.0 3.57054949493269
187.0 3.57036241445208
188.0 3.45248918305832
189.0 3.4385906140291
190.0 3.36471318142349
191.0 3.31857519276622
192.0 3.31262224477659
193.0 3.19265438930652
194.0 3.16716243441737
195.0 3.15854232097527
196.0 3.14766482360356
197.0 3.04384663530757
198.0 3.04320610736156
199.0 3.06215495427082
200.0 3.02946195672348
201.0 2.99667598477145
202.0 2.98244264226203
203.0 2.96278514894688
204.0 3.01002044090152
205.0 2.98941967115386
206.0 3.04803615059863
207.0 3.06552266247984
208.0 3.11200945371759
209.0 3.1445439474481
210.0 3.16035740962425
211.0 3.23428826078724
212.0 3.29224300785717
213.0 3.29867506592946
214.0 3.39649723784727
215.0 3.42823751183832
216.0 3.51283409532207
217.0 3.55232883239873
218.0 3.50953220615896
219.0 3.62809904649346
220.0 3.61846004776726
221.0 3.63244692490887
222.0 3.7012563778955
223.0 3.69402591815501
224.0 3.72988512771718
225.0 3.67501640880986
226.0 3.67680669258276
227.0 3.73598471288947
228.0 3.68511453134286
229.0 3.65780283324173
230.0 3.67274448684896
231.0 3.55622809061207
232.0 3.54432023297936
233.0 3.43034601319579
234.0 3.41495911230458
235.0 3.34157966068912
236.0 3.28441822287054
237.0 3.16837357236188
238.0 3.14246903196686
239.0 2.9781935731427
240.0 2.91268879020383
241.0 2.85306984887891
242.0 2.80462355483471
243.0 2.7160039583858
244.0 2.63108847480522
245.0 2.56741785515703
246.0 2.4935622939177
247.0 2.34261150828698
248.0 2.33071733449672
249.0 2.28483326483676
250.0 2.33031227656422
251.0 2.19495653370353
252.0 2.16715276302717
253.0 2.14487225802311
254.0 2.18150846858127
255.0 2.12477794871083
256.0 2.14021692222384
257.0 2.13868525412154
258.0 2.15979002268085
259.0 2.18896458101075
260.0 2.25588502985397
261.0 2.30537421059613
262.0 2.42230204261155
263.0 2.38661692151899
264.0 2.43144831146426
265.0 2.50907344667926
266.0 2.63286138716521
267.0 2.76057808009019
268.0 2.82437083184132
269.0 2.91856827389701
270.0 2.89087672067097
271.0 3.08193729151563
272.0 3.05125481081888
273.0 3.2060892276218
274.0 3.26265026176355
275.0 3.31681292137406
276.0 3.38819425079823
277.0 3.44301629622829
278.0 3.50086729374779
279.0 3.56156292394432
280.0 3.65139209010182
281.0 3.65534230151726
282.0 3.63618006030667
283.0 3.79378204296063
284.0 3.68664031367689
285.0 3.76159812654583
286.0 3.76071291881796
287.0 3.79358378451654
288.0 3.80985000532333
289.0 3.81932474251843
290.0 3.80876520498045
291.0 3.76055306010451
292.0 3.71127751137702
293.0 3.7212142682338
294.0 3.78010776459859
295.0 3.77915684826168
296.0 3.70553328934798
297.0 3.78594244314785
298.0 3.79739303363389
299.0 3.74062579495356
300.0 3.70193855977839
