SpaceNow
301
0.0 6.73752302067628
1.0 6.68628028485933
2.0 6.5227274707512
3.0 6.38830225700478
4.0 6.33743506649889
5.0 6.23033027216066
6.0 6.09917812050109
7.0 5.88615880813931
8.0 5.81801127763037
9.0 5.76328627966294
10.0 5.40806833370998
11.0 5.34614351988716
12.0 5.35841053389585
13.0 5.2848727049454
14.0 4.96595505230675
15.0 4.96672869551895
16.0 4.90969572294092
17.0 4.71254206913984
18.0 4.68028879874087
19.0 4.66331109891611
20.0 4.54183264821951
21.0 4.5971946625908
22.0 4.91061324672432
23.0 4.75108361329312
24.0 4.64878434978465
25.0 4.55228455553376
26.0 4.56908887588408
27.0 4.66946506998284
28.0 4.74195126882767
29.0 4.74519598580901
30.0 4.82892808842138
31.0 4.88395902001308
32.0 5.03065199635747
33.0 5.19331558943457
34.0 5.3266233746804
35.0 5.11970853209943
36.0 5.45542270362944
37.0 5.53043953898614
38.0 5.6386351999441
39.0 5.67407455187807
40.0 5.7194629507348
41.0 5.93968117781486
42.0 5.76969040445223
43.0 5.83385553707331
44.0 6.04357451096012
45.0 6.01294492847385
46.0 6.00195651019215
47.0 6.05551336122958
48.0 6.03269053224676
49.0 6.02332870876261
50.0 6.16117988052472
51.0 6.22321326552638
52.0 6.02782532277878
53.0 5.98604053075387
54.0 6.03352192823383
55.0 6.1118314687396
56.0 5.94685875403557
57.0 5.87639827864346
58.0 5.89867616941888
59.0 5.8643981836164
60.0 5.6950553114201
61.0 5.74865729525899
62.0 5.6343843420741
63.0 5.49688828625027
64.0 5.57052893947971
65.0 5.41666720926986
66.0 5.51290724477181
67.0 5.37197819029812
68.0 5.37921441601915
69.0 5.33280593276081
70.0 5.26724557109931
71.0 5.10104623873091
72.0 5.2228676201522
73.0 5.21256412180272
74.0 5.18191079294113
75.0 5.16811136813044
76.0 5.36097959525625
77.0 5.31889498673118
78.0 5.19573487682886
79.0 5.43911129743392
80.0 5.26813084905578
81.0 5.47264987893113
82.0 5.48241930062198
83.0 5.5791234838011
84.0 5.65015695020574
85.0 5.72442430700087
86.0 5.7190882626471
87.0 5.67064552183053
88.0 5.61081121744349
89.0 5.74018840807128
90.0 5.79460947063492
91.0 5.79944112408583
92.0 5.68403689218241
93.0 5.80465212693205
94.0 5.75459413700267
95.0 5.90726370420121
96.0 5.77369453574432
97.0 5.71883842716144
98.0 5.75838352028243
99.0 5.77085066881724
100.0 5.64389303478336
101.0 5.47468488486683
102.0 5.45431976905676
103.0 5.40760032700164
104.0 5.23309028197326
105.0 5.31104756619506
106.0 4.97974444164724
107.0 4.99516837895137
108.0 4.86453508176401
109.0 4.8479348387042
110.0 4.75261736071777
111.0 4.69950989361289
112.0 4.67593543211022
113.0 4.50172526086243
114.0 4.52075213971191
115.0 4.29157747383086
116.0 4.41077989447463
117.0 4.40200525549058
118.0 4.34544725873587
119.0 4.33930369593339
120.0 4.31478879501982
121.0 4.21932741418684
122.0 4.19342268817932
123.0 4.27208861603184
124.0 4.3685745736848
125.0 4.29069115968781
126.0 4.38283718582523
127.0 4.43956116722838
128.0 4.60513539785533
129.0 4.74630459226039
130.0 4.68556794717831
131.0 4.75367245906136
132.0 4.9604798468502
133.0 4.87957239419541
134.0 5.18684765110307
135.0 5.1653163934226
136.0 5.30267581466807
137.0 5.3929701424496
138.0 5.52717200369668
139.0 5.79390866224155
140.0 5.77100332312576
141.0 5.84621820592623
142.0 5.95179855924197
143.0 5.8975467432202
144.0 6.12676107263823
145.0 6.13834651514482
146.0 6.00144647648108
147.0 6.03889783820867
148.0 6.12583700173741
149.0 6.18006208976131
150.0 6.2732236303224
151.0 6.2615293614035
152.0 6.12173930927972
153.0 6.04363223780039
154.0 6.10965238218203
155.0 6.0491544613348
156.0 6.0248203958938
157.0 5.84213738400611
158.0 5.67854784423942
159.0 5.55546261717415
160.0 5.60656127163914
161.0 5.44233608265408
162.0 5.34737864706516
163.0 5.2231931365667
164.0 5.12507419918546
165.0 5.1125378023693
166.0 5.00191753022293
167.0 4.94698762731311
168.0 4.81312050468323
169.0 4.80466875864214
170.0 4.85377220175353
171.0 4.61914543033282
172.0 4.60874254576778
173.0 4.6659077295097
174.0 4.51194937594313
175.0 4.54139522073874
176.0 4.48895024784152
177.0 4.39353650212663
178.0 4.57635548398897
179.0 4.60224176350033
180.0 4.53248801953341
181.0 4.62140114475674
182.0 4.67635291312919
183.0 4.71100940358065
184.0 4.85774683340493
185.0 4.91775706378677
186.0 4.95082118655636
187.0 4.76601859296682
188.0 5.05053900380787
189.0 5.21545956753835
190.0 5.05046302861214
191.0 5.2020012167778
192.0 5.27964274911993
193.0 5.3493726144388
194.0 5.42666123339283
195.0 5.497209531563
196.0 5.51463937188882
197.0 5.71118427398935
198.0 5.62380137838881
199.0 5.71553988718755
200.0 5.75186773496167
201.0 5.64074836402391
202.0 5.72853878965417
203.0 5.84866506872393
204.0 5.70312420004814
205.0 5.85674508796048
206.0 5.72914935278974
207.0 5.80177408202111
208.0 5.72469463407572
209.0 5.75965568982512
210.0 5.58219274165531
211.0 5.6028108052019
212.0 5.55465788165133
213.0 5.74681440778795
214.0 5.62085556055681
215.0 5.56680288409183
216.0 5.49243284638575
217.0 5.39634716333928
218.0 5.43356750795902
219.0 5.45829895582169
220.0 5.40752795167182
221.0 5.36474948330384
222.0 5.35317785060897
223.0 5.20261140621278
224.0 5.17630832422745
225.0 5.32025185500205
226.0 5.31737287237194
227.0 5.15060804591707
228.0 5.26898066779549
229.0 5.27421350911481
230.0 5.51582363037345
231.0 5.5882359030982
232.0 5.41654662816992
233.0 5.3900352925857
234.0 5.55583737190659
235.0 5.50301021778807
236.0 5.66615595518572
237.0 5.55886638874572
238.0 5.77061661284523
239.0 5.8025672690531
240.0 5.91758211879861
241.0 5.95496444093799
242.0 5.89583793821098
243.0 6.17179773573845
244.0 6.00367220273499
245.0 6.06767346761813
246.0 6.16426876756044
247.0 6.15779727439632
248.0 6.23177414841696
249.0 6.26075984784695
250.0 6.15603587963056
251.0 6.15937398613272
252.0 6.09452748365342
253.0 6.12102262546885
254.0 6.25414534695708
255.0 6.18038769682655
256.0 6.14518313820825
257.0 6.1523237993345
258.0 6.20092756345199
259.0 6.09880733386536
260.0 6.11571340298425
261.0 6.049706460649
262.0 6.03538933280083
263.0 6.06341307288786
264.0 5.84901020835407
265.0 6.01817871350197
266.0 5.75656570030906
267.0 5.71940245678278
268.0 5.90710843878817
269.0 5.68670935319943
270.0 5.87079733979637
271.0 5.77407772601251
272.0 5.72459808363663
273.0 5.68435201255948
274.0 5.87503624312088
275.0 5.63966260345623
276.0 5.91435620790801
277.0 5.72818769622055
278.0 5.88818011251954
279.0 5.91198292656919
280.0 5.79627949932413
281.0 5.99696697605928
282.0 5.98014968768504
283.0 6.01194296370315
284.0 6.05101836838371
285.0 5.87435955629251
286.0 6.12304127674556
287.0 6.05473475137203
288.0 6.21787185224353
289.0 6.29059355456924
290.0 6.22163362419589
291.0 6.46215446669195
292.0 6.48356912709042
293.0 6.55868820723545
294.0 6.48842701338766
295.0 6.54456216250223
296.0 6.84384865738046
297.0 6.87529312870161
298.0 6.91290552675864
299.0 6.91622396316364
300.0 6.97618497322971
