SuperFuture
301
0.0 2.27026364028348
1.0 2.25454379659363
2.0 2.16898515076938
3.0 2.31199930478974
4.0 2.33570671978399
5.0 1.97108969350414
6.0 2.4958978456468
7.0 2.32555008863437
8.0 2.31935553555769
9.0 2.33331228513401
10.0 2.74083796768135
11.0 2.48691758029866
12.0 2.57187470895055
13.0 2.83233943295814
14.0 2.80926481123729
15.0 3.07164802785483
16.0 3.07462127145646
17.0 3.21035131142897
18.0 3.56561870884853
19.0 3.49082460183572
20.0 3.49970280090727
21.0 3.60164569243388
22.0 4.01333702745837
23.0 4.00073816608652
24.0 4.48955544414079
25.0 4.57960058655712
26.0 4.64699165978075
27.0 4.75704362777274
28.0 5.0324412182576
29.0 5.31863889993074
30.0 5.52635270536343
31.0 5.30432156371585
32.0 6.01479093486585
33.0 5.68665721889748
34.0 5.71654765212054
35.0 6.33426541963805
36.0 6.3813029810793
37.0 6.42815522854923
38.0 6.22115447460294
39.0 6.61634462644112
40.0 6.4668197042084
41.0 6.28752979389199
42.0 6.46391032630007
43.0 6.39046075464571
44.0 6.8102487164888
45.0 6.87508838497567
46.0 6.47749632461615
47.0 6.63705709175949
48.0 6.72854406633703
49.0 6.42762575237319
50.0 6.78979792503085
51.0 6.40808107268541
52.0 6.30593955624905
53.0 6.37003796528268
54.0 6.41834902947276
55.0 6.28884358007803
56.0 6.62398624790652
57.0 6.36119078453154
58.0 6.05691493935066
59.0 6.33731476612203
60.0 5.97039993731046
61.0 6.47056351882118
62.0 5.93161691144856
63.0 6.03141464335979
64.0 6.11109001088028
65.0 5.89907541429533
66.0 5.82809408603678
67.0 6.02258433295747
68.0 5.66117948241076
69.0 6.10716925651033
70.0 5.65296714339957
71.0 5.63198414200528
72.0 5.80700967682872
73.0 5.40135106985852
74.0 5.77273546223258
75.0 5.61205690636183
76.0 5.77339369267588
77.0 5.6574296924567
78.0 5.80301852068208
79.0 5.43247848131402
80.0 5.69608297621239
81.0 5.49973310522591
82.0 5.35006901837318
83.0 5.42305982028962
84.0 5.17611378933416
85.0 5.13789767751335
86.0 5.06995807000964
87.0 5.11755921360951
88.0 4.97456029392714
89.0 4.51195859647957
90.0 5.06329376463453
91.0 5.01137640209996
92.0 4.46917177049663
93.0 4.62456856860898
94.0 4.45614349477168
95.0 4.15590904626578
96.0 4.07348557037645
97.0 4.18180118700996
98.0 3.56744537023284
99.0 3.88498326702339
100.0 3.83922753738882
101.0 3.37198856019491
102.0 3.63751584162423
103.0 3.39703925442459
104.0 3.3399713758098
105.0 3.01544819024889
106.0 2.74233484661073
107.0 2.76798473100528
108.0 2.3366116990416
109.0 2.51825678342521
110.0 2.72006984328554
111.0 2.38094106066769
112.0 2.55302909368858
113.0 2.81014292911882
114.0 2.30820156298795
115.0 2.44295292534011
116.0 2.08623253989655
117.0 2.53478410862596
118.0 2.53859944485857
119.0 2.26201162665091
120.0 2.22787499780871
121.0 2.35416874860785
122.0 2.24426212312097
123.0 2.61710407084415
124.0 2.76114605902955
125.0 2.64778440482379
126.0 2.35774583797834
127.0 3.044945918253
128.0 2.91036765720341
129.0 2.93646500933503
130.0 2.6727943715027
131.0 3.02002464869023
132.0 3.12221610450019
133.0 3.20618837330797
134.0 3.36388415494611
135.0 3.1735985835734
136.0 3.30556367259712
137.0 3.31881644916723
138.0 3.4754092635265
139.0 3.23999088003262
140.0 3.79968269377349
141.0 3.758368730865
142.0 3.85347657580211
143.0 3.72462709429241
144.0 3.84056669594312
145.0 3.72811608189559
146.0 4.13308020958321
147.0 3.64080007181935
148.0 3.64045485484084
149.0 3.88418880654247
150.0 3.95551495777499
151.0 4.36942394341829
152.0 4.14715386855398
153.0 4.06958377575812
154.0 3.82642016316754
155.0 3.82639439506445
156.0 3.84483521461323
157.0 4.19018762672233
158.0 4.24567198821524
159.0 4.26721736808793
160.0 3.96989662519785
161.0 3.92267428735265
162.0 4.24687741131681
163.0 4.37138543282479
164.0 4.38398337218616
165.0 4.55460861928404
166.0 4.63764132776747
167.0 4.79717754568718
168.0 4.79899065319754
169.0 4.45441205204568
170.0 4.72546204716127
171.0 4.91497343253628
172.0 5.40388296133185
173.0 5.05633061389459
174.0 5.24664419629472
175.0 5.38592017038229
176.0 5.68176389258548
177.0 5.62220561913156
178.0 5.85949824233935
179.0 5.68253827607146
180.0 6.07913950700261
181.0 6.40000802195331
182.0 6.40974919023936
183.0 6.3793826303711
184.0 6.68828896291505
185.0 6.7884306274177
186.0 6.80415780106094
187.0 6.94220913138527
188.0 7.08614434042831
189.0 6.8284522425121
190.0 6.90666069979257
191.0 7.18124763723716
192.0 7.40759478011726
193.0 7.09496336485457
194.0 6.93351667532343
195.0 7.34013919933283
196.0 7.03889309487494
197.0 6.99114014089224
198.0 6.58516856032976
199.0 6.93672794718004
200.0 6.99962031629192
201.0 6.62298155763089
202.0 6.87407824481948
203.0 6.41601440435168
204.0 6.37528435798751
205.0 6.18564098168272
206.0 6.06213219520475
207.0 5.81171909349184
208.0 5.87175300108013
209.0 5.70473973608722
210.0 5.5651256663749
211.0 5.49297374569157
212.0 4.98579568689493
213.0 5.2131375710257
214.0 5.06337019550151
215.0 4.76075581019917
216.0 4.7294636675613
217.0 4.44734178699902
218.0 4.63142776380659
219.0 4.34067853692743
220.0 4.14170747375557
221.0 3.59791565882859
222.0 3.70779832251631
223.0 3.7000895171929
224.0 3.61867065667216
225.0 3.31492742908231
226.0 3.57862013650366
227.0 3.19226932126818
228.0 2.89884886318341
229.0 2.80197606860866
230.0 2.93696255776956
231.0 2.91395172320638
232.0 2.8021521028376
233.0 2.60702048982049
234.0 2.78532395861463
235.0 2.27063280825723
236.0 2.38915541321137
237.0 2.49171418609093
238.0 2.58853325927517
239.0 2.49336609676085
240.0 2.19645664935929
241.0 2.57521974794776
242.0 2.63931750748186
243.0 2.67805129785396
244.0 2.410076345234
245.0 2.73754602303069
246.0 2.4625742389383
247.0 2.41357018238871
248.0 2.36254032628614
249.0 2.22582721502006
250.0 2.30968893294819
251.0 2.38375308079924
252.0 2.31130106644308
253.0 2.3934101484657
254.0 2.00225832739786
255.0 2.59980569667015
256.0 2.11742020056541
257.0 2.48322704092676
258.0 2.48830826205749
259.0 2.46703586330047
260.0 2.3972363462248
261.0 2.69203560521985
262.0 2.66450693846927
263.0 2.73736748005601
264.0 2.50519649692451
265.0 2.85995558975239
266.0 2.51189317820561
267.0 2.79679586643252
268.0 2.58587095300924
269.0 2.98281577098021
270.0 2.73070874776543
271.0 3.15884916922346
272.0 2.7067324775114
273.0 2.85659831681459
274.0 3.12473798335998
275.0 3.264332673965
276.0 3.57394550136133
277.0 3.43473153145175
278.0 3.61086853617417
279.0 3.39822879161355
280.0 3.6171316203402
281.0 3.61470955748467
282.0 3.83814125067338
283.0 3.99140041326214
284.0 3.94949829927544
285.0 4.26592934113055
286.0 4.40649904852442
287.0 4.02967348260999
288.0 4.25367822880417
289.0 4.44047385717886
290.0 4.58369291541968
291.0 4.78618741481647
292.0 4.90675482354018
293.0 4.77469361905728
294.0 5.00957129616069
295.0 5.02552472886235
296.0 5.43847974301581
297.0 5.27198924053006
298.0 5.2608100290746
299.0 5.58306672192072
300.0 5.41162844910465
